
strategic_region={
	id=11
	name="Negev Desert"
	provinces={
		9 14 63 281 400 417 424 583 645 650 692 807 879 905 910 934 971 980 981 988 1014 1056 1227 1349 1358 1404 1470 1511 1639 1650 1768 1792 1816 1821 1871 1944 2182 2295 2337 2459 2513 2514 2581 2603 2657 2731 2737 2753 2802 2938 2954 2960 2983 2999 3019 3118 3145 3178 3180 3182 3226 3315 3460 3471 3497 3533 3621 3631 3857 3988 4057 4113 4122 4168 4212 4229 4337 4468 4498 4527 4556 4561 4567 4609 4657 4783 4855 4896 4934 5006 5010 5021 5029 5033 5073 5099 5124 5140 5158 5165 5168 5209 5375 5395 5489 5506 5659 5675 5736 5851 5907 5924 5982 6015 6054 6063 6108 6166 6230 6283 6286 6328 6343 6386 6429 6433 6441 6539 6542 6641 6665 6680 6760 6769 6882 6887 6930 6937 6941 7001 7033 7042 7058 7068 7083 7115 7116 7123 7252 7273 7338 7357 7443 7456 7470 7486 7489 7509 7568 7647 7650 7678 7684 7772 7789 7871 7979 7982 7986 8025 8141 8213 8216 8272 8310 8315 8369 8375 8437 8485 8487 8515 8623 8679 8680 8736 8788 8814 8818 8921 8926 8940 8973 8989 9076 9084 9107 9121 9131 9179 9193 9201 9234 9238 9239 9243 9270 9300 9369 9394 9400 9439 9440 9476 9522 9558 9583 9613 9619 9635 9749 9784 9814 9835 9844 9848 9858 9879 9885 9953 10051 10124 10205 10224 10231 10232 10265 10315 10328 10345 10363 10368 10491 10532 10546 10603 10648 10697 10811 10822 10904 10913 10924 10948 10992 11000 11028 11073 11144 11182 11185 11357 11496 11519 11534 11613 12747 12750 12797 12823 12870 12884 12907 12930 12951 12952 12966 12996 13009 13016 13044 13068 13078 13107 13119 13129 13140 13153 13159 13181 13192 13206 13223 13250 13251 13258 13273 13319 13326 13327 13330 13335 13373 13380 13392 13393 13397 13398 13410 13424 13430 13431 13448 13449 13477 13483 13484 13489 13490 13497 13498 13526 13567 13586 13589 13607 13617 13638 13655 13667 13675 13680 13691 13711 13722 13723 13734 13741 13746 13747 13762 13767 13833 13834 13844 13858 13864 13869 13889 13943 13955 13986 13993 13994 14011 14018 14030 14031 14070 14071 14072 14114 14128 14145 14157 14164 14169 14191 14199 14215 14218 14254 14261 14323 14341 14342 14352 14377 14400 14438 14446 14465 14476 14485 14491 14515 14520 14525 14532 14540 14552 14578 14582 14601 14647 14663 14691 14706 14738 14739 14768 14811 14846 14864 14921 14946 14955 15031 15086 15103 15147 15148 15175 15223 15251 15335 15369 15387 15444 15533 15624 15770 
	}
	weather={
		period={
			between={ 0.0 30.0 }
			temperature={ 0.0 17.0 }
			no_phenomenon=0.600
			rain_light=0.250
			rain_heavy=0.150
			snow=0.050
			blizzard=0.000
			arctic_water=0.000
			mud=1.000
			sandstorm=0.000
			min_snow_level=0.000
		}
		period={
			between={ 0.1 27.1 }
			temperature={ 0.0 18.0 }
			no_phenomenon=0.650
			rain_light=0.200
			rain_heavy=0.150
			snow=0.000
			blizzard=0.000
			arctic_water=0.000
			mud=1.000
			sandstorm=0.000
			min_snow_level=0.000
		}
		period={
			between={ 0.2 30.2 }
			temperature={ 5.0 24.0 }
			no_phenomenon=0.700
			rain_light=0.200
			rain_heavy=0.100
			snow=0.000
			blizzard=0.000
			arctic_water=0.000
			mud=1.000
			sandstorm=0.000
			min_snow_level=0.000
		}
		period={
			between={ 0.3 29.3 }
			temperature={ 7.0 28.0 }
			no_phenomenon=0.850
			rain_light=0.100
			rain_heavy=0.050
			snow=0.000
			blizzard=0.000
			arctic_water=0.000
			mud=1.000
			sandstorm=0.000
			min_snow_level=0.000
		}
		period={
			between={ 0.4 30.4 }
			temperature={ 10.0 35.0 }
			no_phenomenon=0.950
			rain_light=0.050
			rain_heavy=0.000
			snow=0.000
			blizzard=0.000
			arctic_water=0.000
			mud=1.000
			sandstorm=0.100
			min_snow_level=0.000
		}
		period={
			between={ 0.5 29.5 }
			temperature={ 20.0 38.0 }
			no_phenomenon=0.950
			rain_light=0.050
			rain_heavy=0.000
			snow=0.000
			blizzard=0.000
			arctic_water=0.000
			mud=1.000
			sandstorm=0.100
			min_snow_level=0.000
		}
		period={
			between={ 0.6 30.6 }
			temperature={ 22.0 39.0 }
			no_phenomenon=1.000
			rain_light=0.000
			rain_heavy=0.000
			snow=0.000
			blizzard=0.000
			arctic_water=0.000
			mud=1.000
			sandstorm=0.200
			min_snow_level=0.000
		}
		period={
			between={ 0.7 30.7 }
			temperature={ 25.0 39.0 }
			no_phenomenon=1.000
			rain_light=0.000
			rain_heavy=0.000
			snow=0.000
			blizzard=0.000
			arctic_water=0.000
			mud=1.000
			sandstorm=0.200
			min_snow_level=0.000
		}
		period={
			between={ 0.8 29.8 }
			temperature={ 22.0 38.0 }
			no_phenomenon=0.950
			rain_light=0.050
			rain_heavy=0.000
			snow=0.000
			blizzard=0.000
			arctic_water=0.000
			mud=1.000
			sandstorm=0.100
			min_snow_level=0.000
		}
		period={
			between={ 0.9 30.9 }
			temperature={ 16.0 32.0 }
			no_phenomenon=0.950
			rain_light=0.050
			rain_heavy=0.000
			snow=0.000
			blizzard=0.000
			arctic_water=0.000
			mud=1.000
			sandstorm=0.050
			min_snow_level=0.000
		}
		period={
			between={ 0.10 29.10 }
			temperature={ 9.0 24.0 }
			no_phenomenon=0.800
			rain_light=0.200
			rain_heavy=0.000
			snow=0.000
			blizzard=0.000
			arctic_water=0.000
			mud=1.000
			sandstorm=0.000
			min_snow_level=0.000
		}
		period={
			between={ 0.11 30.11 }
			temperature={ 3.0 18.0 }
			no_phenomenon=0.700
			rain_light=0.250
			rain_heavy=0.050
			snow=0.050
			blizzard=0.000
			arctic_water=0.000
			mud=1.000
			sandstorm=0.000
			min_snow_level=0.000
		}
	}
}
