
strategic_region={
	id=19
	name="Iraq"
	provinces={
		27 39 41 58 81 128 142 163 202 208 232 239 253 260 282 288 306 337 371 425 440 450 460 475 516 523 531 538 548 550 603 605 651 666 689 694 697 700 707 709 714 722 728 752 753 769 774 898 933 937 943 944 960 964 996 997 1022 1074 1091 1096 1097 1126 1131 1138 1164 1182 1185 1211 1233 1241 1244 1280 1309 1312 1314 1328 1333 1336 1380 1402 1411 1422 1452 1475 1481 1490 1495 1517 1527 1528 1537 1590 1641 1646 1647 1648 1652 1656 1668 1687 1740 1741 1742 1752 1765 1789 1795 1801 1806 1825 1827 1843 1863 1866 1913 1920 1972 1982 1995 1999 2008 2026 2027 2035 2056 2060 2063 2084 2104 2106 2113 2119 2125 2141 2149 2158 2230 2247 2252 2256 2315 2352 2405 2417 2418 2425 2427 2433 2460 2470 2477 2483 2500 2510 2538 2539 2560 2637 2642 2669 2674 2703 2706 2716 2741 2815 2881 2882 2894 2927 2931 2976 3007 3021 3048 3064 3070 3087 3091 3099 3101 3157 3167 3192 3198 3202 3231 3237 3240 3246 3247 3252 3262 3299 3314 3324 3331 3369 3370 3419 3446 3466 3487 3494 3510 3524 3528 3564 3573 3579 3632 3660 3677 3678 3694 3705 3726 3735 3746 3791 3797 3812 3881 3898 3935 3937 3945 4014 4030 4091 4132 4152 4190 4226 4231 4263 4278 4287 4293 4319 4328 4354 4364 4384 4389 4390 4404 4407 4469 4489 4494 4523 4538 4539 4547 4548 4553 4572 4621 4638 4639 4690 4712 4746 4826 4851 4869 4873 4938 4955 4973 4996 5050 5067 5118 5125 5167 5197 5231 5247 5251 5254 5263 5270 5271 5286 5287 5303 5339 5346 5361 5364 5365 5376 5383 5429 5454 5469 5470 5475 5483 5522 5543 5562 5591 5593 5610 5641 5662 5689 5693 5713 5756 5787 5788 5790 5804 5844 5845 5874 5892 5916 5931 5973 5980 6002 6013 6035 6052 6091 6107 6155 6161 6190 6191 6196 6217 6229 6261 6305 6341 6388 6398 6423 6471 6476 6507 6513 6584 6596 6602 6614 6652 6657 6667 6698 6838 6839 6847 6862 6866 6868 6888 6905 6928 6938 6947 6990 7023 7039 7057 7067 7077 7107 7128 7133 7137 7147 7157 7159 7190 7218 7245 7247 7283 7313 7336 7348 7457 7478 7500 7518 7521 7524 7550 7569 7612 7626 7628 7629 7658 7701 7738 7752 7759 7787 7800 7841 7861 7921 7946 7954 7965 7997 8015 8055 8135 8191 8233 8243 8269 8277 8278 8312 8316 8389 8483 8510 8512 8514 8520 8528 8563 8566 8584 8611 8628 8646 8655 8658 8696 8709 8728 8752 8765 8913 8947 9077 9109 9125 9166 9169 9186 9213 9219 9242 9248 9281 9295 9329 9453 9471 9500 9512 9546 9617 9653 9677 9756 9801 9818 9834 9856 9872 9874 9882 9886 9926 9938 9939 10002 10021 10026 10031 10080 10113 10145 10180 10196 10199 10222 10226 10230 10234 10243 10256 10268 10272 10321 10323 10330 10376 10439 10486 10552 10560 10575 10587 10645 10649 10653 10662 10674 10714 10730 10783 10820 10821 10826 10836 10844 10849 10858 10916 10918 10981 10994 11020 11024 11039 11043 11060 11078 11080 11102 11103 11108 11116 11118 11142 11186 11203 11216 11252 11303 11312 11320 11345 11352 11353 11381 11400 11404 11409 11445 11501 11509 11536 11584 11615 11621 11622 11623 11626 11627 11630 11632 11640 11641 11642 11647 11648 11649 11650 11656 11658 11659 11663 11667 11673 11674 11675 11676 11677 11681 11683 11687 11692 11697 11698 11699 11701 11706 11707 11708 11709 11710 11720 11721 11722 11723 11725 11726 11727 11728 11734 11735 11737 11746 11747 11752 11753 11754 11756 11757 11765 11767 11773 11774 11777 11778 11779 11780 11784 11793 11794 11796 11798 11800 11805 11807 11815 11826 11827 11833 11834 11835 11836 11839 11842 11844 11846 11859 11860 11862 11863 11864 11865 11871 11873 11875 11879 11881 11883 11885 11886 11899 11901 11903 11906 11908 11913 11916 11922 11925 11931 11934 11937 11941 11946 11947 11950 11952 11957 11972 11982 11986 11987 11988 11989 11993 11994 11999 12001 12002 12003 12004 12006 12007 12009 12015 12017 12026 12028 12031 12034 12036 12043 12047 12053 12059 12060 12063 12064 12069 12084 12088 12100 12112 12120 12127 12134 12141 12142 12146 12186 12197 12207 12219 12241 12249 12258 12265 12290 12295 12338 12372 12414 18783 18800 18801 18802 18803 18804 18805 18806 18807 18808 18809 18810 
	}
	weather={
		period={
			between={ 0.0 30.0 }
			temperature={ 0.0 17.0 }
			no_phenomenon=0.600
			rain_light=0.000
			rain_heavy=0.000
			snow=0.000
			blizzard=0.000
			arctic_water=0.000
			mud=1.000
			sandstorm=0.200
			min_snow_level=0.000
		}
		period={
			between={ 0.1 27.1 }
			temperature={ 2.0 20.0 }
			no_phenomenon=0.600
			rain_light=0.000
			rain_heavy=0.000
			snow=0.000
			blizzard=0.000
			arctic_water=0.000
			mud=1.000
			sandstorm=0.200
			min_snow_level=0.000
		}
		period={
			between={ 0.2 30.2 }
			temperature={ 6.0 24.0 }
			no_phenomenon=0.600
			rain_light=0.000
			rain_heavy=0.000
			snow=0.000
			blizzard=0.000
			arctic_water=0.000
			mud=1.000
			sandstorm=0.200
			min_snow_level=0.000
		}
		period={
			between={ 0.3 29.3 }
			temperature={ 12.0 28.0 }
			no_phenomenon=0.600
			rain_light=0.000
			rain_heavy=0.000
			snow=0.000
			blizzard=0.000
			arctic_water=0.000
			mud=1.000
			sandstorm=0.200
			min_snow_level=0.000
		}
		period={
			between={ 0.4 30.4 }
			temperature={ 20.0 35.0 }
			no_phenomenon=0.600
			rain_light=0.000
			rain_heavy=0.000
			snow=0.000
			blizzard=0.000
			arctic_water=0.000
			mud=1.000
			sandstorm=0.200
			min_snow_level=0.000
		}
		period={
			between={ 0.5 29.5 }
			temperature={ 24.0 39.0 }
			no_phenomenon=0.600
			rain_light=0.000
			rain_heavy=0.000
			snow=0.000
			blizzard=0.000
			arctic_water=0.000
			mud=1.000
			sandstorm=0.200
			min_snow_level=0.000
		}
		period={
			between={ 0.6 30.6 }
			temperature={ 27.0 41.0 }
			no_phenomenon=0.600
			rain_light=0.000
			rain_heavy=0.000
			snow=0.000
			blizzard=0.000
			arctic_water=0.000
			mud=1.000
			sandstorm=0.200
			min_snow_level=0.000
		}
		period={
			between={ 0.7 30.7 }
			temperature={ 27.0 41.0 }
			no_phenomenon=0.600
			rain_light=0.000
			rain_heavy=0.000
			snow=0.000
			blizzard=0.000
			arctic_water=0.000
			mud=1.000
			sandstorm=0.200
			min_snow_level=0.000
		}
		period={
			between={ 0.8 29.8 }
			temperature={ 22.0 38.0 }
			no_phenomenon=0.600
			rain_light=0.000
			rain_heavy=0.000
			snow=0.000
			blizzard=0.000
			arctic_water=0.000
			mud=1.000
			sandstorm=0.200
			min_snow_level=0.000
		}
		period={
			between={ 0.9 30.9 }
			temperature={ 16.0 32.0 }
			no_phenomenon=0.600
			rain_light=0.000
			rain_heavy=0.000
			snow=0.000
			blizzard=0.000
			arctic_water=0.000
			mud=1.000
			sandstorm=0.200
			min_snow_level=0.000
		}
		period={
			between={ 0.10 29.10 }
			temperature={ 9.0 24.0 }
			no_phenomenon=0.600
			rain_light=0.000
			rain_heavy=0.000
			snow=0.000
			blizzard=0.000
			arctic_water=0.000
			mud=1.000
			sandstorm=0.200
			min_snow_level=0.000
		}
		period={
			between={ 0.11 30.11 }
			temperature={ 1.0 18.0 }
			no_phenomenon=0.600
			rain_light=0.000
			rain_heavy=0.000
			snow=0.000
			blizzard=0.000
			arctic_water=0.000
			mud=1.000
			sandstorm=0.200
			min_snow_level=0.000
		}
	}
}
