1 2 9641 18788 
1 2 7279 11918 
1 21 1392 13402 2142 4771 10443 6605 8177 14053 10303 6564 7698 1903 14558 14599 7972 14788 1442 14883 6065 6952 2032 
1 30 2032 10877 15049 15022 14899 8432 7810 6366 8961 2285 4972 10086 10618 1975 13997 1853 13776 2171 3574 13637 13557 13476 2331 3698 13261 2715 5330 6338 7607 7293 
1 19 2032 9519 10910 15482 15544 9678 1690 420 3291 15851 835 926 16034 1140 16126 2330 9069 2293 1477 
1 5 1477 16253 8469 6585 2770 
1 7 2770 9139 246 326 16458 10998 1458 
1 2 1458 9554 
1 14 2032 6952 5984 9703 4148 10558 11530 4703 11275 14188 9552 6111 7180 9899 
1 30 2032 8650 2680 15091 6494 14979 1838 7705 4186 4298 6570 14589 8583 14481 4901 2573 1592 4961 14266 8949 2496 14221 10748 10401 14059 13980 13897 4784 9979 5636 
1 11 9899 10922 11408 6922 9890 13255 9363 9611 13005 2845 1105 
1 11 1392 13272 4486 13076 36 8530 1113 8974 12819 6524 12682 
1 11 4771 4304 4416 7908 8873 13085 3293 5633 12848 2265 12702 
1 12 4771 2142 8756 8802 13394 5366 4661 530 13301 3312 5754 510 
1 14 9899 5632 13679 13596 13529 11562 8508 7498 4880 13337 5544 10764 7674 6074 
1 24 2032 10581 4213 10841 3059 9507 2760 15286 15330 15269 4927 15367 5704 5471 3891 15411 6739 10064 8910 8148 10351 15324 11114 11211 
1 3 11211 15270 4743 
1 14 10618 721 4285 14331 4266 11081 14429 14497 846 7217 7575 3772 5785 11261 
1 11 5636 13710 2210 9666 736 11090 9293 384 13239 9543 4867 
1 8 510 9575 13220 13150 3722 540 9450 8858 
1 8 540 1805 8416 3893 12961 1005 12960 12992 
1 6 11090 8451 2629 13084 11474 8416 
1 4 12992 3294 13083 9543 
1 3 1105 12754 7676 
1 4 6074 7817 8808 5942 
1 4 2331 13550 6979 13788 
1 9 5704 9357 15067 3823 8803 8772 6078 9482 11081 
1 15 15269 4927 4804 15545 7785 1155 8886 5829 5427 4115 8941 1817 3567 16121 9763 
1 4 12702 4902 12601 6199 
1 8 13255 8549 13138 6830 10344 11398 6197 12848 
1 5 4486 6997 3744 13024 11570 
1 6 11570 13034 7151 7233 4079 12848 
1 13 36 13003 12984 13018 7708 12902 12919 12877 12853 8317 12898 5599 9450 
1 7 8530 12881 12805 9057 2181 7603 6981 
1 12 2573 10334 1103 7167 13990 5735 6431 13673 8533 6086 7002 530 
1 6 530 312 8166 6125 6299 12919 
1 6 12919 12877 6133 12791 12726 9093 
1 19 14188 3965 7915 4010 8686 7364 3275 13918 8615 13760 13732 7514 8195 13469 8273 7303 2004 13354 2867 
1 18 12899 455 3700 5446 9805 13086 8880 10173 6514 3598 4948 7719 9328 912 13242 13318 8366 13262 
1 26 13262 2329 8754 813 9226 5763 1927 11010 5407 10057 7450 2649 8706 4460 13248 9929 7784 4636 10379 3867 11479 8567 13123 11066 13021 5731 
1 43 10057 13359 6948 5055 10022 13843 9534 6412 3757 14178 3522 7326 1679 14726 1925 8826 3268 2904 5586 10670 7270 218 9582 4962 15841 3659 8258 567 10038 1235 4163 16200 2612 1207 2296 4035 5833 262 10084 5708 1390 6307 4801 
1 5 5708 16471 135 4075 16499 
1 20 10038 4860 5464 1804 16070 3031 8167 11053 2566 15970 5059 1916 4003 2656 2300 528 9564 4558 15906 7034 
1 60 12663 5204 10032 8108 12926 7783 9668 10875 11439 1139 8797 4146 1055 13527 2466 13850 731 14132 14250 14334 5387 6536 3257 1832 14820 14868 4161 15001 15058 1996 15254 1776 15448 15530 6080 10324 1261 7854 1342 11006 15900 3672 2219 3462 2516 9744 8460 8799 2522 8145 8539 20 3787 11542 2 1633 3004 2091 372 763 
1 32 20 1724 6600 8302 16264 16261 6327 16248 4465 16229 16208 7302 16228 350 16216 3153 16230 6400 5631 7439 7353 114 6204 1037 11494 7072 4562 9403 16244 5551 3001 9095 
1 28 4146 2852 8196 4082 5154 13282 6249 4634 13266 939 2370 13095 6496 2963 13042 12974 5730 7482 12777 4167 12707 9020 12686 12705 6996 11477 9264 12694 
1 45 4146 11032 6597 13562 13598 13737 4017 2584 5856 5288 6874 14299 5516 10329 4204 14470 62 4835 5624 14741 14797 9698 14884 9101 15080 15152 6807 4723 9566 15455 15552 4965 11499 15703 479 4979 11603 8150 16003 3368 3912 10795 6373 7084 4340 
1 46 9668 13045 1151 1238 10279 10489 9126 12981 6515 2861 3519 12982 3260 3435 2438 12956 5004 12968 6430 12969 12990 12939 12947 4429 2742 11443 919 9493 8841 1134 1170 9202 12905 6857 652 9891 436 6375 12917 12910 8236 10608 12847 10925 3052 6064 
1 37 9280 15530 7851 106 15547 4143 181 6863 15551 11375 8296 1472 15755 4261 6878 6480 7998 9914 10212 2966 2221 600 6951 16023 5653 16072 7529 16090 1468 6538 10843 1496 155 16213 856 10551 16201 
1 5 763 16500 3485 893 1562 
1 30 4965 15570 4491 4401 5597 9999 4852 7307 10942 14659 10400 14462 2490 7506 14182 9141 5838 5192 10525 13644 13581 9392 8107 1044 8474 10454 10418 13046 12983 12905 
1 10 12154 4446 644 12049 1289 6302 11920 3539 8479 5066 
1 20 12154 4012 12189 11223 12293 7125 7527 12474 9861 12546 12588 12612 373 12739 1540 8447 2813 1479 10706 9711 
1 39 9009 582 4077 1029 1693 7910 13554 2444 10099 13789 6550 9048 4301 14170 4836 10035 14303 14406 158 14718 14795 14865 9498 11589 15068 15150 1319 7768 11336 229 10919 15471 3596 15627 3973 1682 7138 4335 6547 
1 2 9009 9711 
1 25 12154 6670 9912 4251 6284 3199 5801 9438 5691 7011 4847 9589 321 6472 2081 13288 7221 9602 165 13712 11258 13976 4033 2437 14303 
1 8 4033 8075 8876 8047 1834 13668 8435 8723 
1 10 6472 321 3784 9683 4471 12912 12920 9253 11288 8321 
1 2 1822 8162 
1 3 1822 6000 3958 
1 3 1822 11364 1249 
1 6 8162 2719 4789 4682 805 11714 
1 13 8162 11685 2249 387 1060 11744 4470 9808 13 11812 472 2290 6162 
1 17 11364 3927 11671 4061 7588 3372 1428 160 3859 1443 11094 10860 9986 1862 8385 4593 240 
1 4 1249 5075 2066 8023 
1 17 11364 3927 1296 11653 24 11652 3628 8419 3813 11644 3121 11651 998 3003 3274 5771 3381 
1 8 240 1739 6690 161 8930 1299 9361 3381 
1 10 11094 11718 7079 11751 5157 533 11786 2892 11820 2290 
1 9 11744 7822 11762 8125 6391 11775 11070 11393 3051 
1 3 11714 4570 5500 
1 5 3051 11750 4642 758 11714 
1 5 3958 1165 11672 11688 805 
1 3 3958 1007 11636 
1 5 843 66 4219 11646 3633 
1 5 843 4039 11638 11574 1890 
1 4 843 4829 4311 2643 
1 4 588 1563 1209 8021 
1 5 588 2197 11684 83 3171 
1 3 588 4711 11702 
1 2 1153 9576 
1 10 9849 10097 12257 2635 10388 5718 8982 9753 11123 11434 
1 7 7279 11929 7202 2795 11965 3477 2946 
1 3 10097 6118 1426 
1 7 1426 10488 12109 10814 2403 8030 2946 
1 3 11965 3210 2412 
1 5 2412 11893 6008 5891 11803 
1 8 11929 3751 9739 11880 775 11816 1565 2314 
1 8 10388 5718 8082 367 459 8444 10616 3034 
1 11 3034 12484 3647 2190 8589 9502 9730 4413 8635 8433 2286 
1 5 9730 3849 12829 7183 12924 
1 9 3647 12551 3079 1106 4047 12687 12699 11539 18781 
1 12 4047 18778 12784 9049 4229 10913 8485 934 1511 5168 5124 980 
1 6 980 5924 2337 9835 5029 1816 
1 16 1816 14341 1768 10265 2514 14738 14864 3471 9619 6941 10315 1349 15387 6054 15533 1821 
1 8 10315 6283 3988 10948 10992 8680 1363 7635 
1 6 2286 9940 9635 5099 5736 692 
1 8 12924 7339 2681 4409 13213 3492 13335 1404 
1 8 1404 13477 9583 2737 4896 8141 13206 692 
1 9 1404 6769 4212 13607 8926 11028 6063 6328 980 
