1 20 
1 83 
1 540 
1 805 
1 939 
1 980 
1 1060 
1 1442 
1 1822 
1 2032 
1 2314 
1 2444 
1 2643 
1 2715 
1 2904 
1 2946 
1 3034 
1 3539 
1 3772 
1 3867 
1 3958 
1 4075 
1 4146 
1 4486 
1 4743 
1 4801 
1 5544 
1 5551 
1 5624 
1 5708 
1 6080 
1 6283 
1 6366 
1 6431 
1 6494 
1 6585 
1 6951 
1 6981 
1 7293 
1 7676 
1 7698 
1 8021 
1 8530 
1 8583 
1 8756 
1 8927 
1 9020 
1 9069 
1 9438 
1 9498 
1 9543 
1 9575 
1 9678 
1 9683 
1 9849 
1 9861 
1 10038 
1 10388 
1 10558 
1 10748 
1 11408 
1 11434 
1 11646 
1 11702 
1 12049 
1 12154 
1 12293 
1 12601 
1 12682 
1 12877 
1 12899 
1 12924 
1 12969 
1 13005 
1 13085 
1 13710 
1 13712 
1 13788 
1 14188 
1 15058 
1 15471 
1 15851 
1 16034 
1 18781 
