state={
	id=11
	name="Be'er Sheva"
	history = {
                owner = ISR
		add_core_of = ISR
		victory_points = { 2286 2}


	}
	provinces={
		1800 12774 309 409 520 858 2286 2681 3033 3492 3615 3849 4058 4409 4413 4477 4485 5515 4627 4735 4890 5374 5418 5819 5949 6026 6415 6595 6642 6715 6901 7183 7339 7415 7780 8205 8394 8433 8635 8717 8731 8792 9049 9240 9730 9895 9940 10335 10380 11077 11276 11573 12680 12727 12773 12779 12782 12828 12829 12835 12868 12903 12924 12925 12988 12995 13040 13043 13060 13087 13131 13146 13180 13213 13230 13290 
	}
	buildings_max_level_factor= 4.000
        manpower= 226263
        state_category = city
}
