state={
	id=12
	name="Eastern Negev"
	history = {
                owner = ISR
		add_core_of = ISR
		victory_points = { 1404 2}
	}
	provinces={
		63 417 650 692 807 905 988 12797 12747 9784 10345 1014 1404 1470 1871 2581 2657 2737 7338  2802 2938 10124  3178 3460 3631 4057 4498 4567 4896 5099 5375 5736 5907 6230 6386 10648 5982 12750 5209  6769 6887 6937 7001 7042 7273 7443 7470 7678 8141 8213 8437 8679 8814 8973 9107 5140 9121 9179 9201 9270 9439 9522 9583 9635 9844 10205 10224 10232 10363 10546 10811 11182 11519 12823 12870 12884 12907 12930 12966 12996 13009 13044 13078 13107 13119 13153 13181 13192 13206 13251 1358 13273 13326 13327 13330 13335 13373 13380 13393 13398 13424 13431 13477 13484 13490 13498 13567 13617 13655 13667 13675 13734 13741 13747 13767 13844 13858 13864 14011 14072 
	}
	buildings_max_level_factor= 2.000
        manpower= 97000
        state_category = large_town
}
