state={
	id=13
	name="Central Negev"
	history = {
                owner = ISR
		add_core_of = ISR
		victory_points = { 1816 2}
	}
	provinces={
		9 14 400 910 1639 1768 1816 2459 2514 2999 3118 3145 3226 3533 3857 4122 4212 4337 4556 4561 4609 4855 5010 5073 5165 5395 5506 5659 5675 6166 6286 6343 6441 6641 6930 7068 7083 7115 7252 7486 7650 7871 7982 8272 8310 8375 8515 8940 9131 9234 9238 9300 9394 9848 9953 10051 10265 10328 10822 11144 11185 11357 13586 13607 13711 13723 13746 13834 13889 13943 13986 14018 14030 14031 14071 14114 14145 14157 14164 14169 14191 14199 14215 14254 14261 14323 14341 14342 14377 14438 14446 14465 14476 14515 14520 14532 14540 14552 14647 14691 14706 14738 14768 14811 14846 424 583 1650 1792 2182 2513 2731 3497 4168 6882 7033 7116 7123 7456 7647 7986 8315 8487 8788 9193 9239 9476 9749 9879 9885 10697 11073 14352 14400 14485 14491 14525 14578 14582 14601 14663 14739 14955 15031 15086 15103  
	}
	buildings_max_level_factor= 2.000
        manpower= 145731
        state_category = large_town
}
