state={
	id=16
	name="Western Negev"
	history = {
                owner = ISR
		add_core_of = ISR
		victory_points = { 980 2}
	}
	provinces={
		645 879 934 971 980 1056 1511 1944 2295 2337 2603 2753 3019 3180 3182 3315 3621 4113 4229 4527 4657 4783 4934 5006 5021 5029 5033 5124 5168 5489 5924 6015 6063 6108 6328 6433 6665 6760 7357 7772 7789 7979 8025 8369 8485 8623 8921 8926 9369 9400 9440 9558 9613 9814 9835 9858 10368 10532 10603 10904 10913 10924 11028 11496 11534 12951 12952 13016 13068 13129 13140 13159 13223 13250 13258 13319 13392 13397 13410 13430 13448 13449 13483 13489 13497 13526 13589 13638 13680 13691 13722 13762 13833 13869 13955 13993 13994 14070 14128 14218 
	}
	buildings_max_level_factor= 2.000
        manpower= 62351
        state_category = large_town
}
