
state={
	id=2
	name="Syria"

	history={
		owner = SYR
		add_core_of = SYR
		victory_points = {
			1060 2 
		}

	}

	provinces={
		4 7 13 24 37 61 69 77 112 138 157 160 161 174 219 235 240 301 341 342 387 405 421 472 473 487 499 506 515 533 557 569 610 617 633 649 657 701 743 758 787 788 805 819 881 955 963 998 1007 1009 1024 1032 1060 1078 1085 1095 1109 1115 1162 1163 1165 1175 1179 1190 1201 1212 1249 1251 1296 1299 1302 1387 1396 1428 1443 1503 1513 1526 1551 1553 1571 1578 1586 1591 1598 1600 1624 1644 1670 1678 1691 1710 1723 1739 1746 1763 1769 1791 1822 1844 1850 1861 1862 1897 1905 1909 1911 1912 1935 1974 2029 2048 2066 2085 2094 2096 2135 2154 2205 2248 2249 2279 2290 2291 2308 2312 2326 2356 2387 2396 2404 2408 2409 2424 2428 2430 2432 2447 2467 2521 2541 2544 2549 2551 2562 2593 2596 2598 2604 2631 2645 2662 2665 2689 2690 2693 2719 2768 2779 2835 2838 2885 2892 2910 2920 3003 3024 3045 3051 3121 3140 3141 3164 3229 3250 3274 3310 3328 3332 3357 3372 3381 3441 3449 3500 3554 3559 3594 3628 3697 3734 3766 3773 3813 3825 3836 3838 3859 3871 3885 3886 3892 3895 3901 3913 3915 3927 3949 3958 3963 3971 4061 4085 4126 4169 4192 4203 4208 4217 4233 4239 4255 4265 4286 4356 4399 4448 4458 4461 4470 4487 4495 4526 4554 4557 4560 4570 4593 4633 4642 4658 4682 4687 4689 4753 4773 4789 4832 4908 4950 5003 5034 5035 5045 5046 5075 5120 5157 5179 5240 5256 5257 5347 5351 5358 5394 5500 5590 5709 5759 5771 5864 5886 5919 5974 5998 6000 6020 6043 6059 6129 6162 6210 6389 6391 6416 6426 6502 6567 6590 6673 6690 6705 6757 6764 6786 6803 6806 6817 6869 6883 6908 7065 7079 7081 7086 7088 7184 7194 7204 7269 7367 7380 7414 7434 7475 7588 7599 7636 7665 7687 7691 7822 7884 7970 8023 8065 8125 8162 8210 8343 8355 8374 8385 8419 8637 8702 8838 8857 8930 8969 9231 9336 9361 9529 9549 9594 9671 9687 9705 9733 9808 9811 9833 9860 9907 9970 9986 9996 10078 10270 10287 10421 10471 10582 10606 10668 10769 10806 10860 10933 10985 11070 11092 11094 11138 11154 11172 11195 11230 11245 11301 11364 11393 11411 11417 11475 11489 11512 11513 11526 11528 11616 11617 11618 11619 11620 11625 11628 11629 11631 11633 11634 11635 11636 11639 11643 11644 11651 11652 11653 11657 11660 11664 11665 11668 11669 11670 11671 11672 11679 11680 11682 11685 11686 11688 11690 11693 11694 11695 11696 11703 11705 11711 11713 11714 11715 11716 11718 11719 11724 11729 11730 11731 11732 11738 11739 11742 11743 11744 11745 11748 11750 11751 11758 11761 11762 11766 11770 11772 11775 11781 11783 11785 11786 11789 11797 11801 11808 11812 11819 11820 11828 11831 11832 11841 11848 11849 11851 11852 11857 11866 11870 11872 11874 11889 11890 11896 11902 11910 11912 11919 11936 11939 
	}
	manpower=21000000
	buildings_max_level_factor=5.000
	state_category=city
	local_supplies=0.000
}
