state={
	id=20
	name="Jordan"
	history = {
                owner = JOR
		add_core_of = JOR
                buildings = {
			infrastructure = 1
			arms_factory = 4
			industrial_complex = 3
		}
		victory_points = { 564 2}
	}
	provinces={
		109 136 325 333 644 1289 1704 1986 2064 2126 2288 2462 2883 3044 3509 3512 3539 3680 3834 4012 4343 4446 4987 5226 5670 5948 6302 6439 6670 6733 6865 7000 7208 7744 8115 8479 8541 8561 8764 9157 9209 10359 10464 10683 10747 10828 11072 11920 11935 11958 11975 11990 11995 12018 12032 12039 12045 12049 12067 12075 12085 12092 12102 12154 12193 12194 12252 1036 1132 1409 1715 2316 2763 2819 2897 3984 4276 4974 5721 5792 6101 6165 6291 6977 7215 7432 7756 8048 9174 9679 9839 10650 10801 11034 11869 11894 11977 12023 12042 12108 12175 12231 12235 12272 12291 227 286 576 892 961 2010 2632 2739 2765 3365 3401 3930 4040 4181 4242 4925 4976 5066 5205 5309 5678 5937 6124 6436 6666 6814 7140 7378 7405 7472 7794 7887 7944 8292 8368 8384 9003 9410 9523 9656 9729 9775 9877 9932 9977 10398 11150 11823 11840 11847 11858 11895 11905 11942 11945 11959 11961 11968 12046 12058 318 404 742 814 952 1120 1125 1482 2797 2924 3025 3078 4251 4466 4600 4612 4883 5312 5580 5592 5638 5660 5975 6057 6284 6424 6485 7125 7160 7197 7231 7286 7527 7704 8531 8860 8937 9262 9306 9707 9854 9912 9916 10515 10838 10926 11210 11223 11323 12143 12147 12171 12189 12204 12211 12215 12222 12228 12232 12276 12284 12293 12306 12309 12383 12390 12393 12424 12453 12474 12508 12553 1988 2361 2639 2888 3187 3199 4070 5461 5666 5691 5702 5801 6717 6961 7275 7312 8179 8331 8353 8763 8894 9015 9349 9423 9438 10193 10949 11106 11527 12301 12329 12358 12365 12366 12438 12468 12473 12533 12552 12578 12645 12646 12674 12802 12836 159 379 536 574 654 661 872 1589 1666 1811 1870 1959 2095 2130 2224 2339 2385 2423 2675 3200 3378 3580 3742 4459 4475 4524 4696 4721 4794 4818 4870 5379 5419 5648 6030 6246 6251 6263 6374 6464 6579 6719 6763 6815 6843 6895 7028 7144 7580 7659 7926 7980 8130 8140 8332 8705 8714 8972 8992 9207 9246 9269 9334 9402 9428 10055 10312 10353 10409 10692 11059 11897 11907 11962 11978 11979 12005 12013 12020 12021 12037 12041 12061 12062 12065 12076 12078 12080 12086 12096 12099 12103 12110 12122 12126 12138 12151 12159 12160 12163 12164 12182 12201 12210 12223 12236 12243 12247 12255 251 373 552 764 984 1479 1540 1851 2005 2107 2124 2619 2813 2890 3081 3154 3228 3230 3390 3506 3586 4388 4473 5285 5293 5335 5425 5534 5652 5733 5896 5976 6029 6049 6185 6232 6325 6351 6419 6467 6813 6909 7453 7539 7845 7875 8225 8391 8447 8450 8668 8733 8800 9115 9274 9391 9413 9548 9615 9637 9861 9903 9992 10540 10768 10792 11191 11383 12198 12209 12233 12277 12300 12327 12334 12354 12401 12405 12440 12442 12448 12465 12485 12488 12499 12514 12519 12546 12549 12557 12569 12588 12589 12612 12668 12688 12700 12739 12748 12758 12766 12803 12820 12838 12845 12861 12879 12888 12945 321 852 914 967 1205 1371 1609 1698 2148 3179 3217 3242 3270 3467 3493 4769 4847 6472 6528 6984 7011 7587 8660 8980 9589 9889 9894 10184 12500 12543 12573 12598 12667 12684 12722 12728 12785 12811 12850 12892 12934 12959 13025 	130 242 1394 1548 1940 1970 2191 2846 3426 3565 3635 3784 3792 3934 3985 4380 4471 4737 4879 5570 6290 6383 6479 6592 6688 7340 7623 7776 8149 8321 8585 8723 9222 9237 9253 9323 9683 9846 10140 10204 10516 10595 10742 11099 11267 11288 12798 12900 12912 12920 12931 12958 12972 13010 13030 13124 13154 13207 13214 13274 13291 13432 13553 13573 13608 13702 28 40 209 391 665 1271 1595 1628 1983 1989 2030 2037 2485 2644 2744 2808 3360 3425 3444 3743 4027 4107 4209 4288 4381 4604 4663 4720 4779 4782 4947 4992 5000 5393 5769 6055 6188 6303 6474 6487 6506 6633 6654 6714 6774 7321 7374 7430 7459 7863 7903 7909 7947 8256 8683 8778 8956 8957 9135 9292 9574 9663 9779 9888 10053 10397 10475 10868 11002 11023 11091 11171 11188 11198 11229 11377 11388 12273 12285 12322 12345 12351 12359 12376 12395 12396 12417 12434 12435 12441 12445 12460 12461 12478 12493 12494 12495 12509 12537 12547 12613 12623 12647 12661 12670 12671 12672 12675 12685 12716 12723 12729 12735 12755 12792 12793 12830 12851 12852 12894 12936 12943 12944 13012 165 489 501 794 1029 1206 1370 1412 1693 1931 2081 2321 2332 2444 2536 2771 2833 2877 2901 2932 3041 3155 3168 3193 3529 3592 3906 4054 4180 4464 4585 4601 5107 5481 5752 5927 6058 6061 6279 6550 6704 6856 6876 6942 7221 7223 7251 7406 7552 7910 7987 8026 8123 8330 8361 8370 8371 8449 8730 8746 9048 9158 9371 9436 9602 9667 9777 10099 10129 10395 10672 10718 10758 10763 10934 11069 11557 11563 12837 12893 12953 12977 12993 13011 13079 13120 13121 13125 13147 13151 13160 13165 13170 13182 13199 13208 13231 13243 13288 13304 13312 13338 13349 13350 13356 13385 13386 13465 13478 13547 13554 13561 13574 13639 13692 13756 13789 13801 13802 13812 13861 13892 13916 13952 23 203 392 582 1174 1266 1588 2232 2436 2862 2936 3453 3640 4060 4077 4098 4542 4960 5016 5142 5212 5352 5822 5879 6017 6240 6729 6953 7012 7314 7345 8001 8276 8504 8642 8691 9009 9096 9291 9711 9803 9997 10274 10402 10537 10646 10706 10902 12826 12932 12935 12941 12973 12978 13041 13093 13100 13105 13183 13193 13200 13252 13269 13331 13336 13415 13416 13452 13515 13533 13534 13587 13597 13619 13649 13693 13724 201 287 555 647 863 1339 1834 2078 2625 2721 2829 3177 3546 3662 3876 3999 4135 4320 4692 4715 4813 4903 5150 6012 6728 6743 7032 7037 7191 7549 8143 8154 8183 8187 8311 8324 8435 8501 8749 8786 8936 9142 9181 9299 9550 9685 9842 10043 10458 10542 10619 10755 10885 11003 11395 11552 13505 13618 13668 13763 13859 13860 13962 13998 14012 14080 14103 14180 14192 14364 14378 14421 14500 14541 14615 14631 14692 14759 14773 14794 14818 158 198 230 696 1263 1315 1415 1451 1550 1574 2437 2554 2986 3160 3341 4018 4033 4092 4301 4325 4759 4806 4836 4942 5022 5028 5180 5223 5983 6321 6348 6695 6985 7271 7384 7437 7836 8047 8075 8337 8472 8497 8837 8876 9307 9320 9370 9691 9815 9962 10035 10062 10108 10775 11208 11258 11355 13712 13824 13879 13890 13891 13933 13976 14036 14087 14165 14170 14233 14244 14268 14269 14303 14343 14365 14406 14413 14422 14447 14454 14455 14492 14506 14542 14548 14583 14593 14632 14673 14718 14740 14774 14795 14812 14865 14908 243 329 855 1000 1094 1847 2140 2732 2807 3092 3284 3388 3727 3804 4065 4462 4670 4937 5200 5333 5340 5462 5497 6109 6294 6493 6525 6781 7026 7122 7541 7843 7862 7907 8043 8117 8200 8616 8690 8998 9017 9339 9806 10104 10106 10185 10266 10967 11278 11386 11597 14312 14448 14526 14594 14626 14752 14796 14858 14894 14909 14930 14980 15116 15117 15166 15192 15193 15200 15219 15280 15362 15371 15521 965 1196 1214 1374 1393 2558 2563 2801 3103 3957 4507 4509 4724 5262 6640 6991 7108 8098 8376 8819 9535 9609 9845 9951 10300 10365 10691 11555 15292 15328 15349 15416 15438 15447 15484 15486 15494 15507 15559 15586 15591 15608 15735 370 431 579 679 761 773 804 808 924 983 1021 1160 1203 1476 1509 1876 2062 2195 2478 2526 2908 3259 3343 3379 3427 3439 3865 4591 4888 4923 5203 5656 5779 5799 6037 6076 6100 6281 6381 6428 6629 6634 6918 6950 7105 7337 7464 7663 7711 7802 8209 8390 8399 8407 8519 8562 8759 8761 8918 9381 9388 9531 10183 10195 10227 10302 10482 10517 10734 10754 10856 10939 10968 10979 11026 11167 11253 11568 11596 14208 14245 14295 14333 14345 14366 14379 14477 14570 14633 14634 14713 14775 14819 14896 14903 14941 14956 14966 14975 15036 15042 15060 15118 15128 15171 15179 15185 15210 15229 15252 15276 15351 15398 15399 15526 15529 1054 1178 1290 1332 1346 1629 1632 1969 2014 2255 2334 2507 2543 2915 3039 3058 3104 3366 3491 3558 3614 3684 3745 3763 3831 3974 4001 4099 4114 4668 4731 5220 5283 5445 5503 5526 5554 5908 5921 6163 6180 6209 6244 6672 6751 6995 7022 7047 7095 7132 7235 7435 7474 7753 7952 8022 8124 8415 8481 8787 9220 9311 9680 9817 9857 9922 9928 10121 10154 10171 10189 10262 10429 10450 10484 10743 10887 11181 11309 11448 11483 11490 13874 13880 14026 14081 14093 14105 14147 14235 14255 14324 14380 14381 14466 14469 14487 14507 14602 14675 14685 14776 14801 14835 14875 14880 14897 14957 15025 15037 15046 15075 15104 15180 15201 15260 15277 15313 	6 502 503 593 865 1432 1706 2189 2241 2376 2383 2975 3353 3587 3814 3864 3909 4513 4878 4881 5027 5070 5196 5292 5741 5904 5999 6176 6177 6382 6484 6612 6796 6841 7669 7824 7847 8070 8147 8163 8211 8806 9187 9603 9778 10249 10377 10623 10737 11367 11459 11600 14508 14516 14596 14719 14769 14813 14831 14841 14912 14927 14936 14942 14996 14999 15047 15052 15078 15079 15167 15194 15195 15224 15245 15253 15295 15343 15344 15378 15379 15430 215 308 521 754 817 1073 1353 1489 2006 2273 2382 2431 2592 2607 3172 3386 3398 3405 3588 3622 3858 3888 4000 4257 4537 4630 4701 4722 4748 4760 4872 4894 4916 4949 4964 5014 5357 5404 5536 5576 5601 5667 5705 5928 5970 5997 6434 6456 6475 6544 6726 6822 6864 6873 6973 7044 7101 7341 7344 7505 7600 7855 7962 7971 7990 8128 8482 8522 8599 8692 8738 8889 8893 9042 9080 9091 9364 9444 9463 9751 9918 10477 10793 11038 11407 11453 11588 13735 13779 13780 13839 13881 13963 13981 13982 14019 14020 14047 14094 14095 14106 14129 14130 14148 14194 14195 14236 14246 14270 14288 14305 14306 14316 14325 14361 14382 14393 14424 14478 14488 14493 14501 14502 14509 14533 14668 14676 14677 14753 14757 396 432 519 565 1327 1532 1737 2069 2087 2672 3098 3599 4424 4488 4530 4536 4848 5056 5476 5684 6085 6850 7145 7211 7533 7651 7919 7957 8054 8293 8732 8875 8900 8977 9192 9200 9266 9277 9301 9843 9910 9975 10132 10331 10547 10638 10847 10917 11120 11522 11558 12855 13007 13022 13069 13080 13088 13142 13172 13225 13232 13281 13306 13320 13374 13426 13485 13516 13621 13749 13803 187 257 362 590 1246 1566 1662 2083 2235 2811 2875 2964 3384 3568 3758 5030 5134 5413 5480 5514 5574 5615 5894 6119 6238 6346 6449 7291 7416 7455 7495 8102 8198 8364 8423 8594 8671 9032 9195 9435 9830 9966 10177 10543 10569 10991 11543 13999 14092 14139 14161 14234 14344 14353 14486 14521 14609 14610 14616 14627 14674 14684 14699 14722 14830 14840 14866 14892 14895 14974 15041 15051 15074 15209 15220 
		513 564 1119 2003 2528 2826 2878 2898 3143 3322 3354 3387 3719 4512 4614 4795 4834 5403 5424 5436 5504 5866 5922 6181 7090 7219 7308 7477 8018 8234 8238 9430 9700 10101 10286 10457 10798 10891 10975 11009 11031 11056 11535 13748 13838 13870 13917 13924 13956 14007 14046 14054 14104 14146 14171 14181 14185 14193 14262 14283 14287 14304 14360 14407 14423 14595 14789 104 117 947 1090 1172 1230 1619 2028 2086 2109 2287 2306 2318 2325 2336 2497 2508 2559 2588 2597 2636 3009 3100 3289 3399 3440 3566 3833 3860 3938 4273 4653 4787 4816 4975 5001 5007 5133 5181 5281 5338 5460 5478 5530 5606 5637 5725 5862 5953 6149 6274 6460 7210 7250 7413 7479 7604 7655 7656 7709 7924 7974 8114 8139 8175 8825 8849 9045 9155 9451 9772 9898 9990 10059 10105 10283 10371 10467 10529 10713 10911 11093 11130 11147 11205 11263 11450 11471 11476 11578 13006 13017 13031 13055 13141 13171 13184 13224 13264 13280 13305 13313 13324 13425 13450 13458 13511 13590 13591 13620 13643 13656 13676 13681 13682 13726 13764 13768 13769 13778 13825 13848 13862 13901 13926 13977 13987 127 139 298 987 1133 1154 1242 1247 1807 2011 2206 2292 2395 2839 2870 3389 3417 3430 3593 4076 4247 4977 5013 5191 5369 5535 5918 6136 6349 6549 6691 6787 6805 7171 7226 7266 7467 7642 7765 7826 8080 8295 8716 8782 9055 9067 9627 9670 9994 10304 10373 10612 10716 11202 11304 11362 15740 15778 15807 15834 15917 15921 16057 16097 16098 15 149 191 245 930 1334 1536 1675 1772 1836 1892 1962 2253 2343 2476 2567 2911 2919 2998 3545 3613 3666 3943 4861 4967 4985 5306 5336 5372 5743 6009 6543 7667 7710 7736 7977 8033 8345 8619 8693 8815 8979 9516 9725 11204 11244 11462 15498 15647 15675 15687 15801 15812 15845 15867 15874 15911 393 927 1546 1682 1713 1812 1848 2481 2871 3056 3069 3363 3527 3973 4020 4335 4613 5341 5655 5701 5981 6301 6547 6591 6638 6969 7138 7329 7653 7983 8008 8247 8358 8509 8944 9325 9511 9654 9748 10147 10445 10749 10774 10908 11041 11134 11414 11595 15528 15627 15636 15713 15734 15754 15828 15839 15852 15920 15956 15957 15964 15989 16071 229 264 423 504 637 785 1129 1319 1361 1433 1685 1745 2120 2282 2301 2380 2622 2728 2816 3115 3235 3286 3311 3364 3495 3596 4112 4117 4314 4400 4707 4754 4857 4963 4993 5650 5687 5893 6259 6639 6650 6687 6852 7114 7556 7686 7725 7768 7829 8059 8116 8182 8221 8257 8434 8475 8720 8975 9191 9498 9902 9950 9983 10004 10073 10164 10168 10426 10523 10550 10555 10702 10919 10940 11004 11160 11221 11296 11336 11472 11589 11594 11601 14891 14911 14939 14940 14947 14986 15011 15050 15068 15092 15149 15150 15176 15208 15273 15275 15287 15291 15327 15370 15421 15427 15445 15446 15457 15471 15511 15515 15574 15601 15602 15607 15634 15637 15715 15722 15730 15811 15819 15863 
		168 173 300 446 492 708 734 783 798 851 874 936 959 982 1318 1488 1584 1617 1692 1694 1708 1886 1994 2129 2276 2357 2369 2502 2524 2705 2764 2772 2803 2805 2848 2921 2951 3219 3376 3616 3839 3918 4013 4100 4130 4197 4274 4428 4439 4563 4662 4708 4728 4747 4781 4893 4924 4989 5015 5078 5129 5136 5153 5296 5297 5307 5523 5538 5539 5545 5564 5565 5614 5700 5706 5722 5839 5859 5860 5881 6077 6174 6288 6409 6417 6455 6481 6516 6559 6669 6696 6914 6989 7041 7059 7071 7290 7526 7585 7692 7712 7774 7820 7945 8007 8011 8230 8300 8301 8348 8373 8406 8484 8540 8625 8653 8659 8681 8708 8785 8853 8901 8904 8962 8970 9117 9345 9375 9385 9694 9754 9789 9851 9876 9909 9919 10060 10066 10070 10077 10393 10442 10549 10625 10654 10658 10794 10867 10872 10881 10952 11014 11109 11141 11153 11170 11190 11239 11277 11396 11412 11444 11486 11868 11888 11921 11940 11943 11953 11955 11960 11980 11983 11984 11991 11997 12000 12030 12040 12056 12066 12068 12077 12089 12094 12097 12101 12104 12115 12133 12135 12139 12144 12149 12155 12156 12157 12169 12170 12176 12183 12192 12195 12205 12212 12216 12217 12224 12229 12239 12244 12261 12263 12270 12274 12275 12280 12296 12297 12302 12323 12324 12330 12333 12335 12339 12348 12356 12370 12377 12384 12391 12436 12446 12454 12469 12475 95 182 290 363 378 430 482 620 704 1123 1408 1542 1558 1583 1659 1660 1700 1705 1714 1755 1918 1921 1942 2226 2257 2414 2489 2905 2909 2945 2973 2980 2982 3326 3458 3483 3484 3502 3517 3536 3768 3778 4059 4102 4193 4418 4474 4575 4590 4699 4821 4922 5012 5084 5459 5477 5594 5695 5738 5770 5944 5951 6179 6241 6243 6285 6492 6682 6833 6875 6939 6949 6999 7030 7142 7188 7242 7256 7287 7360 7553 7868 8003 8072 8155 8235 8286 8367 8565 8610 8744 8775 8831 8933 9073 9272 9309 9499 9628 9809 9862 10052 10233 10311 10339 10369 10390 10434 10503 10611 10639 11248 11365 11440 11484 11768 11806 11817 11818 11821 11829 11850 11856 11867 11876 11891 11898 11900 11914 11915 11923 11932 11944 11970 11974 11998 12011 12014 12024 12025 12044 12052 12072 12093 12116 12136 12179 12253 12292 150 177 207 369 476 535 544 680 749 791 796 1058 1373 1658 1773 1860 1932 2183 2348 2420 2479 2599 2633 2658 2843 2865 2955 2962 3151 3409 3464 3650 3759 4128 4174 4259 4302 4346 4581 4676 4755 4917 5439 5448 5578 5992 6102 6236 6402 6418 6450 6810 7036 7045 7112 7265 7728 7877 7882 7961 8186 8267 8318 8570 8607 8622 8722 8726 8832 8883 8951 9050 9075 9104 9322 9356 9380 9472 9595 9734 9825 9908 9964 10054 10067 10432 10791 10808 10964 11156 11168 11228 11454 11506 11508 11917 11924 11927 11933 11948 11954 11963 11973 12008 12016 12019 12027 12033 12048 12055 12070 12073 12083 12090 12091 12111 12117 12121 12124 12131 12140 12145 12152 12162 12165 12190 12225 12226 50 454 614 672 713 1035 1059 1329 1507 1547 1833 1914 2302 2440 2667 2968 3068 3862 4025 4096 4139 4479 4505 5095 5485 5748 5900 6353 6562 6962 7015 7119 7297 7515 7522 7788 7816 7823 7879 8780 8925 9149 9616 9674 10187 10245 10394 10962 11533 11733 11749 11755 11763 11764 11769 11776 11809 11813 11822 11824 11825 11837 11843 11878 11882 11926 289 368 399 715 741 873 1041 1250 1454 1498 1941 2208 2244 2298 2471 2834 3174 3258 3371 3685 3908 4109 4207 4502 4697 4713 5712 6387 7019 7590 8045 8326 8492 8613 9646 10248 11260 11310 11759 11771 11799 11802 11814 11830 11845 11853 11855 11861 11877 11884 11892 11928 11930 11949 11951 11956 11969 11971 11985 11992 11996 12012 12022 12035 29 663 1004 1033 1199 3146 4528 4910 5236 5786 6651 6663 8796 9036 9468 9681 11560 11689 11691 11717 11741  
	}
	buildings_max_level_factor= 3.000
        manpower= 10200000
        state_category = large_city
}
