state={
	id=21
	name="Sinai"
	history = {
                owner = EGY
		add_core_of = EGY
                buildings = {
			infrastructure = 1
			industrial_complex = 1
		}
		victory_points = { 3292 2}
	}
	provinces={
		131 455 1057 3292 3470 3700 5446 5828 5895 6079 6370 6628 10235 10237 12899 12929 12965 12971 13029 13037 13090 13098 13249 13263 13423 226 481 918 1506 1667 1907 1924 1933 2227 2654 2756 2876 2889 3010 3122 3319 3347 3420 4116 4223 4296 4358 4995 5051 5520 5674 5857 6007 6231 6333 6354 6604 6647 6671 6792 7284 7496 7548 7615 7689 7859 7923 7934 8121 8181 8464 8538 8586 8741 8745 8862 8872 9031 9085 9229 9287 9342 9504 9509 9555 9731 9906 9913 9987 10567 10990 11015 11042 11316 11337 11371 11373 11401 11438 11480 13191 13222 13287 13311 13355 13384 13447 13471 13482 13519 13532 13540 13551 13552 13560 13629 13632 13642 13688 13701 13721 13740 13777 13799 13800 13837 13868 13877 13878 13888 13954 13971 14035 14063 14086 14112 14138 14232 14278 14332 3084 3474 3486 3537 3598 4577 4948 6514 7805 7960 8170 8880 9379 9805 9937 10173 11487 12950 13062 13077 13086 13179 13211 13217 13229 13379 272 1292 1308 1533 1906 2031 2074 2165 2167 2225 2333 2341 2441 2624 2935 2978 2991 3123 3186 3195 3327 3335 3443 3542 3668 4154 4160 4178 4246 4289 4398 4525 4540 4637 4669 4862 4999 5011 5132 5138 5216 5224 5378 5463 5567 5626 5639 5789 6138 6172 6397 6563 6622 6636 6693 6748 6836 6849 6925 7064 7471 7717 7815 7818 7852 8024 8105 8138 8156 8212 8334 8379 8412 8420 8429 8500 8855 9011 9405 9421 9452 9490 9643 9684 9757 9824 10009 10112 10159 10210 10250 10254 10288 10293 10318 10453 10637 10897 10944 10959 11157 11593 11607 13755 13830 13857 13923 14017 14064 14113 14190 14243 14260 14322 14399 14412 14441 14484 14505 14524 14547 14577 14581 14600 14646 14657 14658 14672 14698 14721 14767 14800 14817 14874 14902 14954 14969 14970 15077 15081 15097 15098 15125 15127 15136 15161 15183 15184 15199 15218 15235 15272 15309 15312 15326 171 912 1069 2349 4797 5258 5428 5872 6122 6320 6558 6826 7719 7801 7988 8119 8382 8827 9110 9328 9515 9545 10408 10447 10929 10943 11133 13128 13221 13242 13286 13318 13363 13446 13481 13488 13510 13546 13585 13648 13823 13856 13887 13932 13942 406 634 868 1063 1257 1655 1778 1826 2051 2099 2209 2373 2378 2574 2950 3481 4371 4414 4765 4809 5255 5295 5356 5409 5698 5749 5912 6103 6228 6453 6457 6777 6816 6963 7021 7053 7176 7277 7356 7485 7565 8099 8137 8202 8207 8253 8357 8503 8554 8878 8946 9271 9399 9562 9747 9771 10016 10082 10206 10370 10878 11018 11046 11545 11590 11609 14006 14029 14127 14137 14224 14231 14311 14372 14376 14391 14392 14405 14420 14437 14475 14483 14561 14569 14592 14608 14614 14620 14621 14645 14667 14671 14689 14690 14717 14727 14743 14750 14766 14772 14804 14816 14829 14901 14973 14995 15006 15044 15073 315 935 1460 1657 1964 1993 2038 2509 2623 3706 4253 4281 4620 4706 4839 5190 5260 5778 5835 5963 6151 7060 7099 7222 7597 7633 7743 7781 7803 7992 8086 8299 8405 8725 9188 9221 9341 10217 10269 10341 10414 10707 11222 11299 11350 11435 14822 14945 15045 15126 15146 15222 15244 15331 15334 15342 15368 15386 15391 15437 15453 15462 15483 15576 15616 15670 15691 15701 15757 176 185 213 237 266 498 688 945 1051 1326 1419 1544 1661 1804 2159 2198 2401 2566 2591 2767 3031 3608 3796 3829 3872 3933 4214 4227 4250 4326 4334 4582 4599 5031 5059 5280 5311 5561 5753 6047 6157 6635 6685 6711 6842 7185 7207 7649 7837 8167 8228 8249 8670 8852 8919 9023 9028 9180 9464 9633 10136 10698 11053 11163 11165 11341 11366 11433 15308 15325 15396 15403 15426 15475 15478 15581 15612 15635 15661 15695 15741 15752 15787 15818 15830 15858 15888 15946 15950 15952 15970 16006 16027 16052 16063 16070 19 204 726 1465 1469 1722 1875 1916 2039 2389 2860 2912 3476 3655 3731 3880 4159 4290 4359 4898 5531 5699 6582 7043 8816 10347 10583 10728 11416 15995 16048 16067 16084 16104 16114 16130 16152 16239 462 815 1711 2156 3290 4980 5020 5299 5559 7182 9039 11087 16049 16257 16290 16337 122 328 528 847 1177 1183 1347 1831 2300 2557 2656 2913 3530 3581 3819 3968 4003 4051 4097 4145 4558 5573 5611 5618 6041 6056 6116 6141 6214 6553 6609 6923 6958 7034 7189 7246 7835 8106 8664 8750 8945 9223 9564 9592 9620 9981 10220 10460 10554 10647 10666 15397 15563 15598 15623 15657 15690 15753 15762 15780 15792 15794 15814 15906 15909 15936 15975 15979 16008 119 134 216 273 364 899 1171 1297 1564 1683 1702 1802 1869 2386 2613 3042 3075 3282 3323 3475 4395 4405 4603 4673 4717 4928 5171 5253 5390 5501 5616 5993 6287 6750 6886 6945 6964 7066 7927 7999 8164 8275 8748 8751 9008 9089 9639 9799 10013 10893 16172 16221 16236 16256 16284 16288 16289 16302 16315 16401 1855 2305 2329 4313 4808 6523 8366 8854 13118 13169 13262 121 608 686 813 1610 1720 1761 1919 1927 1947 2160 3238 3605 3711 3736 3754 3757 3847 3914 4138 4308 4329 4426 4751 4981 5370 5396 5455 5763 6096 6271 6412 6529 6700 6738 6954 7126 7305 7328 7722 7730 8005 8113 8152 8754 8822 8898 9006 9062 9212 9226 9304 9315 9534 9804 9924 10058 10494 10685 10936 10965 11010 11523 13139 13164 13167 13168 13228 13257 13317 13348 13372 13390 13391 13396 13464 13470 13480 13487 13525 13539 13559 13571 13572 13628 13647 13666 13718 13739 13761 13766 13811 13822 13832 13843 13853 13855 13900 13931 13940 13941 14069 14076 14079 14121 14126 14178 14179 14207 14216 14217 14253 14282 14294 14302 14411 164 194 284 568 677 875 1100 1313 1406 1427 1466 2215 2284 2406 2443 2649 2759 2831 3097 3520 3544 3609 3638 3673 3867 3900 4119 4184 4321 4425 4451 4460 4574 4636 4680 4956 5055 5184 5195 5317 5319 5407 5415 5467 5487 5613 5661 5688 5731 5865 6022 6137 6171 6342 6486 6489 6699 6735 6761 6811 6948 6975 6993 7004 7008 7411 7450 7721 7784 8392 8525 8567 8674 8706 8712 8715 8721 8735 8783 8967 9024 9059 9092 9097 9106 9196 9249 9288 9432 9527 9636 9662 9728 9788 9929 9934 10022 10057 10088 10089 10150 10208 10306 10374 10379 10383 10479 10563 10577 10589 10607 10729 10894 10946 10983 11022 11066 11068 11143 11219 11339 11479 11547 13021 13059 13110 13123 13152 13158 13190 13205 13248 13294 13303 13316 13334 13359 13378 13383 13395 13404 13444 13445 13494 13495 13524 13531 13558 13570 13626 13627 13660 13674 13706 13733 13738 13754 13798 13810 13828 13829 13873 13885 13886 13899 13909 13920 13921 13922 13946 13975 14025 14044 14045 14062 14102 14111 14159 14189 14205 14206 14249 14293 262 292 344 493 1180 1207 1390 1512 1784 1981 2296 2421 2494 3127 3695 4035 4151 4625 4811 5708 5833 6393 7560 9087 9759 9947 10084 10239 10834 11268 11274 16295 16350 16372 16428 16462 16473 16488 1605 1977 3085 3361 3962 4801 6094 6307 6801 11169 16518 135 1330 1350 1365 1570 1596 2162 2180 3216 8476 8494 8719 8911 16321 16471 346 909 1968 2297 2495 2550 3011 4075 4430 5149 5623 7309 7634 8631 9995 16378 16423 16425 16499 55 78 147 151 152 414 567 711 738 739 953 970 1098 1235 1267 1612 1621 1635 2200 2307 2488 2515 2517 2519 2533 2535 2612 2824 2828 2943 2996 3196 3412 3548 3551 3617 3659 3670 3702 3718 4044 4086 4163 4177 4588 4602 4615 4726 4793 4860 4959 5279 5464 5479 5883 6144 6224 6260 6708 6725 6746 6809 6992 7118 7206 7239 7257 7366 7595 8227 8258 8581 8630 8865 9043 9147 9250 9255 9332 9568 9631 9901 10038 10093 10218 10336 10487 10526 10931 11083 11465 15841 15905 15908 15914 15915 15941 15969 16000 16011 16022 16031 16069 16074 16075 16113 16137 16144 16145 16156 16185 16193 16200 16205 16240 16260 16281 16313 16348 16358 144 218 746 929 1447 1868 2351 2583 2708 2738 2847 3080 3156 3692 4103 4845 4962 5227 5362 5946 6313 6401 6530 7270 7511 7570 8077 8134 8188 8424 8684 8805 8821 9152 9390 9582 10449 10670 10803 10996 11084 11136 11269 15198 15243 15250 15271 15348 15384 15385 15466 15573 15640 15656 15725 15813 43 348 820 844 1518 2359 2937 3149 3313 3688 3728 4123 4258 4419 4677 6005 6033 6664 7361 7484 8087 8409 8488 8891 9090 9265 9326 9572 10028 10356 10499 10579 10852 10900 10923 11036 11104 11227 11271 15165 15239 15311 15317 15347 15402 15436 15443 15456 15470 15537 15633 15664 15727 15739 15800 89 447 792 1043 1045 1146 1152 1245 1560 1896 2000 2152 2228 2250 2327 2751 2977 3129 3305 3418 3675 3721 3815 4038 4089 4744 4988 5060 5139 5229 5314 5692 5724 5853 5938 6226 6352 6368 6509 6603 6624 6884 6899 6987 7040 7624 7643 7685 7737 7840 8396 8499 8648 8652 8700 8888 8994 9129 10014 10151 10175 10538 11319 11331 15442 15532 15555 15580 15632 15650 15688 15694 15724 15789 15817 15824 15857 15873 15879 15919 15923 15928 15945 15949 15974 16036 16103 16127 16170 217 687 744 1274 1388 1604 1925 2100 2864 2904 3268 3818 4913 5079 5127 5363 5519 5586 5645 6377 6399 6552 6610 7254 7362 7423 7894 8069 8142 8153 8550 8629 8826 9122 9189 9241 9905 11342 11392 11423 11428 14499 14662 14683 14688 14756 14810 14834 14879 15005 15024 15030 15040 15096 15141 15188 87 140 169 559 573 698 925 1101 1398 1830 2079 2108 2136 2313 2372 2453 2475 2576 2761 2809 3015 3018 3065 3137 3451 3648 3894 4842 4939 4991 5019 5581 5867 5868 5914 5926 6089 6095 6275 6385 6478 6587 6791 7186 7298 7519 7619 7707 8010 8126 8217 8251 8303 8322 8401 8490 8544 8807 9343 9351 9530 9645 9712 9785 10049 10469 10520 10574 10641 10677 10765 10864 10912 10937 11273 11308 11427 11503 14144 14168 14276 14277 14359 14375 14389 14419 14445 14482 14539 14546 14560 14576 14619 14639 14670 14737 14791 14799 14815 14845 14873 14958 14985 15071 15124 15217 15236 15350 15361 15425 15435 15452 15518 15541 88 278 723 1669 1679 1880 2338 3053 3522 3868 4068 4232 4660 4905 5152 5169 5177 5420 5453 5465 5679 5685 5816 5910 5979 6357 6435 6568 6648 6734 6921 6959 7326 7390 7391 7394 8013 8174 8264 8284 8649 8768 9159 9365 9431 9461 9473 9719 9720 9963 10041 10169 10350 10389 10656 10717 10761 10830 10888 10973 11048 11139 14160 14177 14184 14223 14259 14298 14349 14363 14390 14398 14404 14453 14460 14474 14514 14551 14625 14640 14712 14716 14726 14779 14792 14793 14850 14878 14959 15029 15072 15084 15170 7117 9982 12970 12999 4456 16528 
	}
	buildings_max_level_factor=3.000
        manpower = 674840
        state_category = city
}
