state={
	id=22
	name="Egypt"
    resources={
		oil=20
        steel=25
	}
	history = {
        owner = EGY
	add_core_of = EGY
        buildings = {
			infrastructure = 1
			arms_factory = 4
                        dockyard = 1
			industrial_complex = 6
		}
		victory_points = { 1392 2}
	}
	provinces={
		225 338 463 467 602 643 800 1077 1088 1434 1663 1726 1766 1817 2774 2836 2971 2984 3030 3108 3279 3575 3737 3972 4115 4235 4284 4299 4455 4666 4743 4791 4871 4914 5053 5210 5275 5329 5345 5427 5466 5546 5629 5681 5829 5925 6019 6318 6371 6392 6498 6739 6799 6834 7056 7187 7501 7766 7942 8004 8148 8184 8453 8662 8910 8941 9465 9664 9781 10011 10015 10018 10064 10186 10197 10351 10759 10869 11114 11211 11272 11295 11391 11456 15111 15123 15155 15182 15205 15234 15259 15270 15290 15324 15376 15377 15411 15415 15465 15497 15527 15546 15566 15585 15590 15600 15626 15718 15799 15849 15878 15885 15895 15918 15963 15985 16035 143 294 611 667 846 2147 2283 2303 2610 2814 3772 3932 4598 4866 4997 5130 5380 5785 6227 6440 6557 6573 6732 6844 7109 7124 7162 7217 7542 7575 7654 7745 7779 7813 7849 8192 8193 8224 9648 9840 10225 10468 10527 10539 10720 10738 10810 10833 11261 11305 13867 13872 14222 14258 14275 14436 14440 14498 14559 14591 14736 14758 14814 14839 14857 14900 14915 14926 14960 14994 15018 45 1155 1841 2269 2769 2995 3205 3276 3480 3823 3891 3990 4770 4800 4804 4927 4930 5110 5471 5704 5711 6749 6919 6998 7574 7785 7881 8886 8887 9034 9182 9357 10636 10907 11247 11397 11581 15023 15067 15160 15233 15367 15451 15469 15493 15502 15545 15554 15615 15669 15678 15744 15798 15862 15940 398 1049 1087 1616 1729 1782 1828 2347 2653 3977 4266 4899 5967 6078 6239 6706 6820 6907 6979 7762 8078 8772 8803 9132 9216 9289 9466 9482 9557 10085 10776 11081 13550 13788 13847 14005 14085 14167 14248 14297 14331 14429 14435 14497 14590 14656 14666 14725 14749 782 1092 3391 3740 3878 7293 7607 8710 9632 10955 11001 11065 12887 13028 13109 13178 13403 13457 669 1738 1893 2034 2715 3124 3165 3472 3652 3698 4654 5330 5942 6338 7652 7716 8398 8808 9426 9968 10091 10162 10215 10282 10466 10796 10805 11145 11259 11282 11564 12715 12765 12844 12854 12860 12869 12911 12949 13020 13036 13163 13261 13323 13377 13463 721 737 780 1853 1975 2004 2171 2299 2319 2331 2450 2784 2867 3281 3304 3574 3760 4285 4972 5228 5802 5823 6044 6098 6783 6971 7078 7263 7303 7324 7327 7346 7404 7514 7571 7581 7674 7838 8161 8195 8273 8471 8587 8929 9483 9682 9774 9782 10007 10061 10086 10504 10513 10618 10633 10785 10995 11030 11176 11177 11348 11524 13210 13279 13285 13354 13469 13476 13530 13549 13557 13580 13637 13687 13732 13753 13775 13776 13827 13863 13919 13992 13997 14028 14068 14101 14108 14321 14428 14624 313 532 685 1484 1818 2089 2178 2546 5634 5761 6134 6926 7278 7422 7640 7797 7939 9829 9959 10128 10591 10866 11112 11592 14697 14711 14828 14872 14893 14914 14935 14963 14972 15057 15083 15110 15169 15269 15286 15330 115 271 296 299 457 507 911 1034 1081 1204 1303 1367 1719 1951 2013 2065 2071 2088 2233 2317 2746 3189 3285 3351 3406 3469 3643 3767 4369 4447 4672 4741 5155 5233 5825 5915 5941 6184 6215 6520 6944 7050 7203 7399 7480 7499 7566 7606 7763 8223 8644 8851 9029 9348 10079 10261 10301 10556 10576 11338 11457 11482 11565 16015 16047 16187 16199 16218 16241 16294 16303 16349 124 170 188 189 254 261 295 319 332 616 635 668 789 1026 1265 1356 1430 1759 2049 2439 2586 3117 3397 3567 3571 3708 3980 4088 4162 4305 4309 4349 4449 4522 4681 4856 5087 5206 5289 5291 5320 5373 5658 6121 6222 6360 6594 6957 7230 7234 7249 7330 7418 7989 8349 8577 8595 8734 9116 9429 9612 9714 9763 9792 10019 10635 10804 10857 16026 16087 16088 16093 16094 16121 16139 16142 16151 16160 16215 16232 16234 16247 16276 16287 16293 16320 16329 16335 16340 16365 16370 16376 25 49 84 137 141 146 231 311 320 420 534 908 1127 1143 1335 1467 1531 1690 1727 1777 2041 2277 2505 2506 2523 2585 2590 3207 3218 3291 3355 3657 4069 4249 4365 4493 5076 5354 5385 5642 6021 6219 6234 6311 6329 6577 6929 7343 7428 8034 8197 8422 8452 8536 9203 9422 9578 9586 9678 10146 10367 10531 10533 10663 10790 11257 15482 15544 15611 15677 15700 15721 15738 15751 15761 15815 15816 15823 15848 15851 15855 15861 15866 15872 15904 15932 15955 15987 15994 16030 16055 16066 179 1052 2344 2601 2760 3059 3345 3620 4213 4397 4421 4915 5102 6060 7025 7035 7447 7538 7547 7558 8372 8590 8591 8689 9247 9507 10571 10581 10741 10841 11076 11424 11466 11492 14836 14844 14890 14899 14965 15022 15049 15056 15095 15264 15289 15319 15323 15366 15375 15410 15461 15464 15496 15622 211 249 270 357 609 613 631 639 861 1268 1279 1461 1561 1701 1823 1971 2686 2895 3716 3826 3841 4133 4727 5106 5806 5890 6189 6336 6358 6575 7237 7243 7369 7429 7520 7660 8582 8874 9208 9826 10042 10337 10984 16357 16377 16416 16418 16442 16470 16472 116 259 285 426 767 777 1082 1286 2942 2997 3046 3161 3209 3352 3922 4652 4709 4846 6976 7358 7601 7929 8386 9699 10361 10753 16419 16443 16451 16492 16512 102 345 522 629 640 720 837 1276 1883 1899 2018 2246 2688 2949 3184 3411 3556 4021 4292 4830 4957 5322 6870 7120 7301 7613 7795 8647 9143 10115 10732 10879 16420 16455 16482 351 514 1248 1351 1438 1607 1717 2055 2110 2133 2285 2368 2640 2757 3249 3265 3275 3410 3457 3569 3582 3732 3776 3790 3800 3955 3965 3970 4010 4087 4148 4199 4336 4703 5024 5069 5234 5571 5632 5649 5707 6062 6072 6111 6216 6223 6366 6922 7180 7196 7241 7294 7364 7433 7516 7810 7915 8265 8363 8393 8432 8615 8686 8961 9310 9552 9693 9823 9832 9899 10025 10273 10403 10506 10518 10558 10559 10851 10914 10922 11174 11275 11408 11455 11485 11530 13289 13529 13596 13606 13646 13679 13760 13809 13842 13918 13936 13970 14004 14016 14024 14061 14075 14118 14119 14120 14150 14188 14252 14292 14330 14337 14340 14374 14388 14410 14519 14531 14550 14618 14705 14742 33 212 214 275 437 1105 1194 2845 2896 3227 3329 3330 3607 3775 3952 3964 3981 3986 3994 4131 4156 4410 4566 4608 4702 4822 4880 5131 5225 5392 5544 5602 5798 5824 6074 6175 6206 6477 6830 7483 7498 7512 7676 7817 8040 8093 8470 8508 8549 8572 8701 8771 9070 9194 9363 9417 9611 9760 9890 9921 9971 10069 10207 10424 10764 11289 11332 11378 11413 11431 11562 12627 12679 12754 12764 12776 12834 12883 12918 12964 12998 13005 13019 13047 13067 13074 13106 13116 13117 13138 13177 13189 13237 13255 13256 13278 13302 13337 13475 13566 297 2925 3452 3501 3816 4355 4953 4990 5266 5643 5961 6023 6828 6972 8820 9007 9495 9533 9652 9740 9793 9866 10000 10352 10430 11246 11270 11379 12529 12556 12602 12610 12628 12653 12710 12711 12712 12746 12796 12801 12806 60 97 145 166 383 449 543 580 683 824 849 1181 1442 1638 1653 1709 1838 1903 2020 2032 2122 2203 2364 2416 2680 3407 4186 4244 4269 4408 4420 4440 4445 5039 5214 5732 5747 5813 5984 6065 6097 6153 6465 6494 6533 6588 6778 6952 7175 7181 7370 7379 7617 7632 7672 7702 7705 7734 7893 7972 7994 8092 8294 8521 8633 8650 8718 8753 8776 8907 8922 8935 9052 9153 9197 9387 9406 9519 9528 9703 9871 9925 9972 10280 10451 10877 10910 11184 11284 11368 11461 11517 14459 14464 14558 14599 14682 14735 14765 14788 14821 14871 14883 14907 14913 14920 14934 14978 14979 14984 15004 15010 15017 15055 15065 15066 15070 15091 15135 15145 15164 15204 15242 15297 15303 15307 15359 15360 15395 15414 15485 15490 15553 15595 15655 15683 15686 443 604 702 1224 1272 1606 1764 1839 2070 2131 2196 3043 3293 3626 4304 4351 4361 4416 4484 4496 4534 4617 4771 5071 5137 5313 5673 6203 6245 6443 6564 6605 6835 6910 6915 6936 7410 7698 7786 7827 7908 7975 8051 8068 8073 8088 8160 8177 8259 8417 8767 8873 9111 9314 9408 9873 10098 10295 10303 10436 10443 10452 10588 11012 11279 11419 11470 12963 13085 13134 13137 13145 13162 13216 13227 13371 13382 13443 13523 13579 13641 13686 13731 13786 13787 13821 13898 13908 13951 13991 14003 14010 14023 14053 14125 14371 524 836 1084 1874 2265 2887 2939 3063 3086 3349 3383 3438 3555 3597 4079 4083 4158 4902 5633 5663 6197 6199 6257 6593 6933 7048 7381 8044 8298 8333 8532 9235 9354 10298 10344 10378 10695 11398 11540 12481 12487 12518 12561 12577 12601 12609 12617 12652 12665 12678 12702 12709 12721 12732 12763 12810 12848 12863 12914 12942 76 178 691 989 1023 1381 2007 2992 3261 3375 3503 3809 4555 4764 4817 4833 5605 6266 6608 7531 10772 10920 16430 16449 860 1137 2116 2670 3215 3248 6829 7214 8231 10137 11234 16392 16448 355 468 496 681 995 1124 1284 1382 1436 1477 1569 2002 2150 2293 2727 3264 3550 4095 4714 5086 5316 5717 6067 6267 6499 7351 8297 8441 9279 10068 16181 16189 16204 16231 16253 16263 16273 16312 16332 16405 276 382 435 477 786 829 835 848 926 1140 1144 1228 1301 1386 1405 1686 1736 2001 2017 2128 2261 2330 2886 3000 3204 3296 3307 3373 3437 3715 3785 4300 4551 4616 4618 4667 4823 4868 4944 5141 5412 5569 5671 5793 5939 6092 6182 6310 6324 6775 7723 8206 8260 8377 8456 8829 9069 9224 9347 9644 10056 10179 10317 11089 11242 11403 15674 15774 15779 15803 15870 15876 15877 15882 15903 15913 15927 15931 15951 15959 15960 16029 16034 16060 16068 16078 16083 16125 16126 16167 16196 162 334 361 578 725 1110 1733 1797 2304 2399 2419 2454 2914 2918 3603 3924 4322 4587 5103 5163 5238 5343 5557 5728 5800 5885 5991 6031 6363 7017 7700 7746 7963 8169 8320 8755 8834 8868 8870 9437 10505 10521 10652 10930 11334 11598 15085 15102 15154 15249 15268 15302 15318 15322 15365 15390 15429 15474 15510 15589 15597 15621 15646 15652 15681 15682 15712 15733 15737 15777 15788 15836 277 830 990 1103 1592 1753 2015 2082 2163 2242 2393 2469 2496 2573 2806 2974 3062 3093 3428 3612 3623 3724 3756 4031 4137 4234 4298 4611 4628 4901 4961 5332 5735 5848 6278 6396 6421 6431 6570 6658 6736 6755 6785 7167 7248 7535 7567 7732 7790 7904 7913 7930 7933 8127 8176 8442 8583 8669 8949 9068 9163 9198 9579 9584 9669 9976 10036 10334 10340 10622 10634 10679 10727 10863 11243 11498 13876 13990 14043 14078 14100 14143 14163 14166 14221 14247 14257 14266 14267 14310 14315 14329 14356 14357 14358 14370 14403 14409 14433 14434 14473 14481 14496 14513 14538 14545 14568 14589 14623 14638 14661 14681 14704 14710 14748 14755 14787 14833 14855 14856 14869 14870 14919 14953 14983 36 485 1050 1270 1392 1712 2052 2142 2213 2251 2940 3744 4486 4661 5111 5274 5366 5600 5803 5959 6135 6413 6824 6827 6997 7002 7075 7151 7233 7589 7699 7760 7778 8252 8313 8533 8756 8802 9071 9732 9758 10320 10989 10999 11051 11349 11570 12866 12867 12878 12886 12913 12976 13003 13004 13024 13034 13050 13058 13076 13092 13104 13161 13176 13188 13236 13272 13315 13343 13347 13394 13402 13429 13436 13569 13673 13725 13831 452 1758 2036 2181 2733 3821 3853 4272 4472 4684 4891 5482 5837 6574 6720 6981 7557 7603 7675 8157 8443 8455 9411 9710 10425 11098 11347 11559 12464 12505 12594 12607 12632 12770 312 510 530 716 806 1229 1474 1819 2144 2311 2448 2620 2880 3028 3312 3459 3879 4066 4511 4784 4824 5032 5097 5207 5754 5797 5947 6068 6086 6125 6299 6316 6531 6683 6770 7316 7347 7421 7458 7517 7605 7621 7831 7953 7969 8096 8166 8411 8425 8617 8704 8981 9064 9260 9539 9575 9638 9852 9855 9965 10319 10401 10584 10748 10970 11173 13015 13066 13073 13097 13127 13150 13220 13240 13241 13301 13310 13329 13370 13376 13381 13409 13421 13422 13428 13442 13474 13509 13595 13605 13616 13631 13651 13672 13808 13816 13836 13897 13907 13974 13980 14059 14242 641 1113 1735 2047 3170 4683 5164 5831 5935 6133 6384 6524 7096 7281 7466 7641 7708 7769 8089 8477 8530 8626 8661 8727 8974 9002 9057 9093 9173 9960 10050 10722 10892 11049 11113 12608 12616 12626 12636 12676 12677 12682 12720 12726 12781 12783 12791 12805 12818 12819 12877 12881 12902 12919 12962 12984 13018 497 684 976 1458 1587 1749 1865 1879 1891 2787 3489 4510 4579 4734 5057 5943 6340 6968 9130 9554 11538 16461 16480 59 64 190 246 304 326 347 408 527 592 612 759 822 969 1083 1145 1219 1240 1269 1310 1343 1500 2188 2518 2770 2930 2994 3027 3208 3239 3570 4110 4595 4698 5043 5249 5443 5490 5884 6170 6511 6585 7100 7335 7507 7578 7662 8469 8643 8672 9139 9424 9581 10906 10998 11011 11325 11473 11610 16250 16252 16299 16317 16375 16412 16421 16437 16458 16495 16508 16525 310 733 1288 1520 1680 1730 1829 1859 2271 2575 2683 2791 2970 3132 3359 3424 3714 4052 4111 4224 4665 4889 4958 5259 5301 5518 6447 6454 6754 6858 6904 7758 7811 7850 8050 8058 8496 8517 8588 8899 9454 9513 9525 9622 9867 10090 10417 10901 15893 15899 15998 16065 16092 16096 16116 16123 16173 16184 16191 16220 16266 962 1031 1148 1323 1366 2044 2075 2138 2151 2194 2216 2638 2697 2869 2981 3333 3709 3765 4533 4777 4921 4932 5202 5222 5248 5273 5647 6404 6978 7163 7268 7420 7540 7582 7583 7842 8016 8103 8131 8309 8458 8573 8641 8742 8932 9236 9409 9433 9762 9765 9841 10198 10214 10412 10524 10617 10982 11045 11220 11449 14652 14747 14910 14925 14944 14982 15003 15016 15054 15064 15090 15178 15181 15190 15191 15197 15306 15310 15341 15357 15374 15409 15434 15506 15588 15606 15645 540 587 1805 2629 3273 3689 3722 3893 4005 4675 5587 5599 5906 6490 7282 7491 8006 8158 8317 8381 8416 8473 8651 8858 8863 9450 10284 10599 11017 11474 12615 12734 12738 12790 12800 12853 12876 12891 12898 12948 13084 13103 13215 13254 781 1005 2841 4655 6637 8592 10511 11599 12865 12960 12961 12992 13008 13096 384 766 797 884 1157 1529 1775 3294 3783 4790 4867 6120 6264 6795 7027 7510 8813 9434 9543 9614 10392 10470 13014 13083 13239 13314 13342 13435 94 736 1208 1501 1505 1900 2210 2987 3535 3786 3808 3877 4140 4353 4427 4452 4767 5669 5836 6083 6221 6508 6831 7139 7164 7593 7898 7991 8081 8120 8451 8596 9293 9302 9505 9666 9743 9813 10012 10161 10360 10735 11090 11317 11549 13408 13420 13456 13468 13504 13522 13528 13545 13584 13630 13636 13671 13700 13710 13785 13794 13797 13820 13866 13884 13969 14002 14156 14162 14229 14230 153 336 365 886 1192 1414 1824 1956 2025 2137 2239 2775 3014 3102 3175 3339 3380 3661 4118 4291 4347 4463 4626 4819 4863 5068 5201 5290 5421 5572 5575 5617 5636 5719 5849 5902 6156 6198 6213 6247 6491 6565 6747 6797 7085 7104 7386 7530 7740 7767 7938 7943 8056 8165 8340 8427 8448 8524 8553 8634 9305 9588 9838 9979 10005 10299 10310 10824 10960 11061 11196 11197 11217 11481 11579 13815 13989 14022 14041 14042 14052 14117 14124 14176 14213 14214 14309 14314 14319 14320 14328 14339 14408 14451 14452 14468 14472 14504 14523 14537 14557 14567 14588 14607 14613 14637 14714 14715 14832 14863 14877 14898 15021 572 1523 1543 1594 1626 1697 1881 1885 1950 2384 2652 2704 2856 3111 3280 3690 3704 3987 3989 4215 4372 4411 4497 4503 4919 4943 5040 5143 5182 5213 5563 5781 5842 6032 6250 6703 6737 7393 8032 8270 8777 8789 8988 9327 9346 9540 9727 9780 9893 10065 10170 10399 10500 10544 10797 11135 11215 11293 11406 11532 14952 14993 15028 15109 15134 15144 15168 15174 15216 15285 15296 15333 15373 15433 15517 15572 15620 15673 15766 22 132 263 632 750 778 1580 2266 2452 2735 2868 2957 3422 3642 3947 4037 4063 4105 4417 4521 5434 6414 6586 6606 6611 6675 6943 7227 7332 7454 7461 7819 8171 8542 8673 8676 8798 8866 8902 8920 9145 9798 9927 9978 10357 10976 11493 11520 11521 14228 14427 14432 14530 14575 14580 14651 14709 14724 14746 14783 14803 14849 14918 14924 14933 14938 14991 14992 15020 15035 15076 15215 15228 15300 15389 302 554 762 901 1389 1599 2392 3713 3916 3993 3995 4338 4341 4695 5054 5265 5596 5682 5686 5723 5897 7238 7895 9456 10221 10535 10590 10882 11460 13187 13346 13353 13401 13467 13548 13565 13615 13650 13705 13717 13765 13793 13796 13875 13896 13950 14058 397 1239 1642 1952 2103 2143 3394 4331 4517 5146 5304 5783 6168 6242 6306 6420 6432 6442 6615 6674 7179 7236 7407 8063 8244 8288 8430 8535 8896 9259 9389 9469 9993 10127 10292 10346 11340 13473 13508 13544 13594 13654 13665 13685 13690 13716 13720 13730 13759 13784 13792 13883 13906 13968 13978 13979 14034 14067 14116 14123 14155 14204 14291 621 1341 1345 1441 1750 1882 1965 2456 2464 2777 3442 3850 3921 3979 4045 4072 4120 4280 4971 5298 5432 5508 5511 5830 5847 5957 6150 6220 6501 6892 7080 7299 7304 7425 7812 7900 8159 8262 8397 8639 8850 9368 9810 9881 9954 10165 10557 10601 11037 11124 11264 11285 11294 11376 11420 11576 15248 15301 15383 15394 15477 15565 15569 15651 15685 15699 15802 15829 15833 15902 15926 15972 16007 16028 267 495 571 1118 1429 1450 1464 1549 1757 1798 1887 2024 2155 2237 2677 3191 3241 3263 3639 3799 3848 4080 4136 4772 5242 5246 5694 6315 6319 6446 6473 6619 7131 7253 7383 8095 8516 8897 9273 10075 10490 10932 10941 11298 16032 16077 16275 16291 16362 16436 16441 16457 16510 70 175 801 882 902 932 1173 1298 1362 1541 1664 1744 1888 2164 2170 2179 2415 2461 2511 2641 2679 3563 4008 4277 4306 4360 4543 4671 4693 4841 5230 6126 6572 6766 6789 7396 8062 8204 8241 8359 9177 9303 10686 11016 11553 16043 16150 16210 16297 16311 16360 16452 48 678 803 920 974 1016 1168 1258 1525 3696 3997 4303 4387 4761 5399 5968 6394 7417 7481 8037 8729 8959 9713 9726 10781 11385 15978 16102 16120 16133 16149 16162 16227 16251 12 193 518 809 1093 1568 1665 1976 2222 2388 2537 2810 2844 2916 3414 3454 3525 3549 3665 3701 3874 3966 4019 4053 5585 5715 5815 5913 6087 6212 6369 6616 6756 6902 7070 7920 7932 8194 8402 8518 9012 9233 9569 10267 11121 11495 15639 15680 15711 15760 15786 15806 15847 15898 15910 15916 15948 15986 15997 16046 16086 44 444 1352 1457 1502 1922 2132 2692 2781 2788 3073 4386 4646 4780 5042 5126 5302 5444 5766 5809 6066 6256 6540 7051 7110 7311 7419 7561 7592 8218 8543 9227 9263 9267 9395 9766 10017 10509 10545 10598 10771 10862 10871 11122 11421 14336 14458 14490 14862 14906 15043 15089 15133 15238 15282 15329 15408 15476 15501 15543 15605 563 748 985 1076 1320 1810 2402 2678 2782 3400 3810 4104 4271 4362 4802 5096 5101 5300 5400 5555 5755 5871 6894 6980 9697 10216 11363 16195 16203 16304 16326 21 46 184 283 324 627 646 682 790 811 880 940 946 1001 1061 1188 1278 1337 1439 1614 1645 1794 1901 1934 1961 1998 2157 2172 2243 2267 2534 2565 2907 3348 3507 3513 3547 3691 3845 3931 4090 4260 4374 4623 4778 4886 4900 5008 5025 5088 5252 5348 5513 5734 5814 5821 5863 5956 6143 6159 6376 6406 6776 7532 7955 8041 8784 8939 8963 9054 9154 9553 9610 9776 10114 10485 10609 10708 10757 11119 16339 16347 16353 16369 16397 16411 16426 16447 16481 16506 16513 16514 327 653 1141 1264 1403 1601 2098 2218 2346 3163 3300 3316 3346 3807 4317 5449 5952 6025 6631 6917 6931 7055 7657 7892 8440 9103 9443 9605 9660 9944 10314 10724 10966 15871 15962 16040 16178 16190 16198 16286 52 480 494 954 994 1006 1281 1385 1593 1695 1703 1754 1926 2245 2358 2626 3114 3166 3220 3245 3266 3297 3656 4815 4954 4986 5416 5744 5795 5905 6337 6461 6906 7165 7748 7922 7928 8307 8466 8685 8801 9474 9783 9915 10773 11162 11537 15884 15912 15982 16017 16051 16079 16109 16136 16169 16207 16237 16298 416 876 1122 1136 1150 1169 1273 1375 1410 1459 1515 1799 1889 1917 1923 1978 1980 2123 2468 2487 2821 3606 3712 3926 3976 3991 4002 4134 4283 4348 4378 4476 4766 5080 5145 5188 5608 5818 5880 6010 6300 6458 6470 6522 6583 6881 6924 7098 7152 7170 7372 7679 7742 7860 7874 8173 8254 8859 8917 9078 9172 9284 9296 9561 9984 10074 10092 10119 10202 10264 10437 10562 10628 10660 10848 10945 10951 11052 11326 11346 11575 11602 14998 15009 15131 15196 15207 15263 15281 15284 15305 15316 15338 15339 15340 15356 15407 15420 15424 15489 15505 15514 15520 15562 15594 15643 15644 15654 15698 15709 15714 15717 15720 15769 15810 15832 265 765 1008 1108 1111 1142 1213 1256 1539 1673 1748 1949 1960 2199 2465 2594 2687 2691 2817 2969 3393 3683 3752 3890 3996 4194 4198 4775 5492 5817 5917 5986 6088 6395 6526 6599 6808 6934 6967 7153 7620 7622 7949 8060 8360 8663 8912 9160 9170 9486 9506 9567 9606 9655 9836 9847 9923 10228 10238 10322 10770 10777 10840 11085 11149 11446 11514 14099 14110 14203 14281 14286 14290 14318 14348 14351 14387 14444 14544 14556 14630 14636 14687 14764 14771 14807 14808 14827 14838 14889 14917 14968 14990 15015 15094 15122 15132 125 992 1456 1572 2229 2342 2520 2893 3130 3138 3490 3561 4438 4573 5588 5869 6110 6142 6280 6762 7005 7562 7976 8172 8178 8454 9001 9547 9696 9930 10181 10355 10456 10739 10815 11206 11213 13309 13414 13419 13441 13502 13503 13543 13583 13593 13604 13614 13645 13678 13698 13699 13704 13709 13715 13729 13752 13774 13807 13895 13939 13945 14066 14084 14136 247 401 465 638 864 1216 1779 2145 2363 2374 2863 3251 3342 3557 4383 4799 6269 7739 8996 9420 9551 9709 9875 16467 16483 16515 42 110 221 648 779 915 1260 1423 1462 1585 1613 1677 1718 2426 2499 2714 2851 2891 2928 2967 3223 3232 3681 4007 4164 4514 4729 4885 5114 5284 5325 5909 6233 7092 7513 8421 8773 8991 9484 9538 10600 10630 10699 10787 11238 11429 16183 16217 16280 16285 16324 16331 16346 16364 16374 16381 16388 16389 16417 16476 75 255 349 1530 1884 2952 3134 3953 4596 5327 6075 6265 6372 7062 8027 8877 11256 16202 16206 16265 16310 16338 16342 16385 54 205 316 921 2061 2115 2367 2525 3066 4659 6270 6780 7172 9021 10750 10809 11580 16095 16164 585 1195 1324 1483 1555 3023 3144 3147 4432 4499 4508 4549 5337 5398 5612 6519 6710 7310 7729 8835 9151 10498 11287 15772 15939 15984 16005 16037 16062 16108 16148 8 210 256 512 1104 1220 1369 1535 1651 1787 1997 2012 2320 2355 2473 2498 2661 2710 2723 2773 2794 3203 3780 3794 3910 3992 4074 4344 4592 4850 5123 5219 5521 5782 5887 5990 6011 6024 6258 6314 6335 6356 6410 6627 6643 6653 6692 6832 6932 7438 8884 9025 9331 9526 9936 10332 10372 10548 10572 15584 15684 15716 15759 15765 15804 15805 15850 15854 15875 15881 15922 15925 15944 15990 15993 16016 16021 16054 16100 16122 16155 16161 91 126 360 422 729 831 1159 1221 1354 1556 1696 1955 1984 2602 2879 3076 3106 3152 3224 3337 3340 3461 3658 3956 4173 4352 4589 4648 4776 4810 5052 5435 5827 6014 6081 6408 6546 6548 6621 6659 6854 6877 7220 7426 7555 7584 7630 7637 7703 7806 7814 8009 8031 8339 8537 8578 8688 8906 8934 9022 9035 9105 9333 9956 10008 10033 10107 10219 10305 10519 10688 10705 10842 10905 11161 11240 11280 11405 11467 11510 14512 14597 14696 14723 14802 14861 14981 15034 15108 15159 15163 15225 15226 15227 15232 15258 15274 15355 15393 15412 15413 15468 15492 15503 15504 15516 15557 15558 15571 15583 15625 15631 15642 15747 15797 10 291 1161 1728 2168 2547 2792 3396 3875 4275 5603 5940 6292 6758 7444 7594 7670 7791 8129 8308 8603 8978 9625 9737 10242 10480 10715 14555 14574 14643 14733 14806 14843 15033 15140 15187 15221 15299 15666 129 381 951 1010 1307 1425 1504 1545 1878 1991 1992 2043 2093 2102 2214 2258 2455 2589 2740 3116 3190 3278 3377 3395 3499 3589 3723 3781 3802 3822 4315 4392 4403 4531 4622 4758 5083 5091 5156 5194 5323 5386 5525 5625 5834 5920 6193 6200 6718 6793 6848 6988 7134 7320 7350 7608 7834 7906 7984 8079 8084 8085 8104 8239 8266 8304 8336 8431 8467 8502 8654 8885 8984 8985 9118 9178 9359 9425 9448 9704 9717 9920 10030 10246 10375 10553 10780 10813 10845 10915 11096 11193 11343 11369 11384 11546 13795 13814 13841 13871 13905 13935 13944 13967 13996 14091 14098 14149 14154 14202 14241 14251 14296 14301 14308 14355 14386 14397 14417 14418 14431 14450 14457 14471 14480 14518 14522 14536 14586 14587 14598 14606 14612 14617 14644 14655 14660 14686 14703 14734 14751 14826 14876 14882 14888 15002 15014 15039 15203 18 65 508 1400 2646 2696 3095 3183 3338 3676 4011 4042 4230 4330 4370 4373 4391 4651 5272 5308 5646 5764 5812 5832 5841 5846 6427 6697 6727 7168 7424 7610 8245 8830 8953 9319 9358 9542 9571 9723 9735 9742 9816 10615 10723 11055 11251 11354 13461 13507 13538 13542 13613 13670 13689 13714 13728 13806 13865 13953 13985 13995 14001 14040 14057 14074 14097 14135 14220 14240 14313 14317 14347 14385 14396 14456 4316 4844 4920 9863 10100 13144 13276 1424 1637 2812 3923 4172 5047 5969 6422 7225 7319 7680 7796 7885 8387 8809 10413 10752 10977 13157 13166 13247 13268 13284 13322 13344 13358 13400 13413 13439 13496 13635 1 413 439 1156 1431 1521 1643 1835 2112 3026 4450 4752 5507 5936 6195 6462 6956 7804 8100 8351 9344 9812 9946 9989 10859 11175 13204 13271 13277 13341 13345 13352 13407 13440 13518 13625 13677 13684 13708 18766 
	}
	buildings_max_level_factor=5.000
    manpower=103375000
    state_category = metropolis
}
