state={
	id=23
	name="Saudi Arabia"
        resources={
		oil=155 # was: 8
	}
	history = {
                owner = SAU
		add_core_of = SAU
buildings = {
			infrastructure = 2
			arms_factory = 2
			industrial_complex = 15
		}
		victory_points = { 3600 2}
	}
	provinces={
		74 509 547 1820 1910 2217 2394 2449 2634 2666 2993 3001 3254 3450 3644 3978 4562 5208 5215 5551 5933 6192 6273 6802 6855 6927 8636 8869 8915 9095 9403 10141 10651 10669 10671 10786 10988 11159 16053 16080 16175 16244 16318 16366 269 376 433 442 756 973 1149 1252 1636 1857 1953 2616 2796 2854 3096 3221 3423 3532 3753 3897 4422 5085 6497 6861 7941 8608 9083 9386 9524 9794 9796 10176 10325 10522 16033 16056 16147 16180 16235 16258 16274 16323 16327 16396 16404 47 395 438 458 461 542 594 596 599 624 690 710 870 923 938 1368 1877 2204 2262 2345 2552 2587 3214 3541 3873 3911 3942 3944 4254 4394 4597 5232 5355 5577 5807 6512 7639 7857 8090 8220 8478 8529 8882 9184 9374 9492 10039 10211 10241 10257 10420 10435 10564 10690 10819 16390 16398 16406 16407 16435 16446 16456 16459 16474 16494 16496 16502 16503 16526 16527 114 280 352 419 484 562 812 922 1037 1401 1418 1780 2186 2323 2410 2527 2752 2786 2793 3511 3687 4221 4237 4248 4444 4480 4674 5044 5631 5777 6204 6400 6644 6662 6788 6794 6994 7072 7280 7353 7377 7439 7449 7751 7937 8395 8463 8657 9618 9911 9998 10027 10433 10530 11132 11494 16163 16182 16197 16219 16242 16245 16336 16344 16352 16367 16371 556 655 671 675 755 793 833 853 1015 1067 1075 1255 1625 1672 1895 1930 2019 2101 2391 2492 2718 2926 3253 3552 3798 3919 4238 4342 4437 4705 4716 4936 5277 5729 6084 6178 7014 7228 7354 7368 7880 8000 9501 9870 10307 10441 10629 10762 11399 11422 16438 16445 16486 16501 16521 5 350 486 505 705 770 968 1040 1072 1293 1492 1576 1747 2407 2457 2655 2874 3153 3456 3504 3634 3733 3840 3887 4029 4153 4218 4982 5550 5765 7322 7718 7866 8036 8781 9214 9880 10024 10275 10570 10678 10950 10993 11019 11033 11086 11107 11502 15783 15837 16009 16041 16105 16154 16165 16216 16228 16230 16283 16292 16330 2 53 56 86 93 111 154 234 236 305 372 448 525 597 659 763 913 956 958 1019 1147 1197 1236 1253 1294 1300 1379 1538 1575 1633 1676 1751 1771 1973 2040 2091 2176 2309 2360 2365 2398 2542 2556 2827 2872 2947 3004 3022 3105 3107 3303 3431 3485 3488 3515 3526 3748 3782 3940 4176 4206 4436 4465 4584 4643 4998 5172 5276 5714 5726 5758 5762 5840 5930 6113 6130 6327 6407 6600 6846 7091 7093 7302 7792 7793 8097 8302 8323 8498 8598 8601 9014 9205 9544 9721 9795 9878 10138 10155 10381 10410 10459 10465 11179 11226 11265 11335 11418 16128 16129 16140 16157 16158 16166 16188 16208 16211 16229 16248 16261 16262 16264 16277 16308 16314 16345 16356 16359 16368 16373 16394 16400 16402 16415 16432 16450 16453 16484 16487 16498 16500 16524 366 859 890 1002 1012 1176 1287 1295 1306 1316 1559 2077 2570 2578 3074 3077 3126 3188 3295 3413 3421 3482 3576 3595 3686 3824 3889 4101 4157 4310 4323 4379 4442 4546 4640 4641 4679 4739 4792 5017 5108 5128 5494 5498 5877 5932 6040 6127 6208 6598 6668 6713 6940 7103 7200 7216 7400 7844 8214 8344 8362 8547 8548 8612 8707 8895 9053 9148 9373 9445 9488 9651 9769 10209 10247 10308 10364 10385 10756 10865 10884 10954 11127 11224 11577 15458 15491 15522 15534 15538 15560 15575 15596 15617 15648 15665 15671 15689 15706 15707 15736 15745 15746 15749 15767 15775 15781 15790 15793 15820 15842 15843 15846 15859 15864 15883 15907 15953 15965 16013 16042 16143 20 72 96 167 206 224 241 303 380 488 706 917 1079 1089 1114 1186 1231 1277 1444 1449 1524 1724 1725 2219 2220 2322 2516 2522 2530 2555 2564 2577 2621 2676 2700 2717 2785 2818 2965 2989 3047 3049 3185 3277 3448 3462 3479 3585 3672 3739 3762 3779 3787 3896 3950 4024 4202 4243 4515 4576 4694 4904 4912 5098 5468 5668 5696 5727 5858 5901 6039 6332 6361 6560 6578 6759 6897 6966 7061 7387 7573 8066 8067 8145 8460 8539 8575 8799 9098 9137 9324 9330 9393 9744 10072 10130 10133 10174 10278 10444 10594 10854 10986 11006 11029 11321 11359 11542 15768 15825 15840 15856 15865 15868 15887 15900 15961 15966 15968 15971 15973 15976 15980 15991 15999 16001 16002 16004 16019 16038 16058 16059 16101 16107 16110 16124 16132 16146 16176 16179 16212 16224 16233 16249 16270 16282 16305 16386 17 220 279 441 471 581 656 799 907 972 1011 1027 1028 1038 1070 1167 1191 1262 1322 1407 1731 2023 2053 2117 2193 2259 2446 2906 2944 2985 3082 3148 3627 3747 3969 4820 4892 5422 6317 6702 7274 7402 7452 7899 7956 7995 8569 8666 8840 9165 9819 9985 10123 10478 11329 11430 16267 16278 16319 16333 16334 16354 16439 16444 16463 16465 16469 16479 16489 16509 16517 38 68 103 358 456 478 491 529 747 772 841 903 978 986 1128 1158 1357 1372 1376 1510 1837 1856 1948 1967 2354 2379 2422 2480 2540 2615 2618 2651 2685 2720 3516 3843 3905 3925 3928 4067 4142 4333 4385 4564 5278 5486 5604 5808 5850 5855 5958 5988 6104 6312 6326 6566 6618 6911 7020 7224 7331 7333 7440 9134 9261 9407 9593 9596 10178 11054 11585 16255 16306 16309 16355 16363 16391 16399 16410 16424 16440 16460 16464 34 228 375 464 553 584 595 601 622 662 839 857 862 949 993 1166 1325 1734 1796 1809 1854 1864 1946 2092 2270 2482 2579 2698 2776 2820 2840 2929 3088 3119 3213 3321 3344 3463 3663 3771 4022 4055 4279 4431 4624 4730 4785 4984 5018 5109 5405 5533 5582 5584 5750 5767 5996 6016 6504 6821 6845 7141 7178 7349 7409 7436 7848 7985 8526 8908 9108 9215 9556 9600 9702 9764 10102 10131 10620 10694 10812 11322 11380 11518 11544 16134 16159 16222 16225 16238 16268 16296 16301 16325 16343 16351 16387 16395 16408 16409 16429 101 106 108 181 323 359 394 693 699 732 735 854 977 1102 1198 1223 1254 1275 1348 1522 1557 1776 1786 1902 2207 2280 2335 2694 2736 3038 3159 3162 3236 3374 3619 3764 3769 3929 4026 4143 4179 4774 4849 4969 5148 5151 5175 5442 5716 6080 6123 6218 6444 6500 6571 6707 7148 7259 7262 7285 7373 7451 7839 7851 7902 8346 8682 8824 8950 8965 9019 9038 9190 9599 9724 9864 10083 10327 10404 10605 10659 10890 10898 10927 11151 11425 11511 11550 15352 15363 15381 15417 15439 15448 15530 15547 15599 15610 15613 15641 15676 15708 15710 15742 15763 15771 15791 15821 15826 15827 15831 15853 15869 15901 15924 15937 15938 15947 15983 16018 16085 197 317 412 445 636 948 1047 1121 1261 1342 1384 1463 1716 2600 2961 3037 3133 3336 3404 3508 3577 3610 4004 4064 4357 4518 4740 5038 5105 5162 5342 5737 5751 5978 6034 6272 6297 6309 6518 6701 6812 6819 6889 7006 7295 7431 7576 7598 7609 7648 7668 7854 7935 7968 8074 8136 8222 8341 8342 8414 8459 8523 8747 8856 8892 8905 9144 9280 9298 9378 9467 9573 9967 10095 10120 10182 10324 10593 10655 10784 11058 11140 11183 14760 14842 14922 14943 14948 15099 15142 15151 15156 15189 15211 15265 15293 15304 15358 15380 15392 15431 15487 15495 15499 15556 15567 15577 15609 15667 15692 1987 1996 2582 2659 2730 2745 2754 2903 2956 3367 3835 4270 4966 5100 5112 5237 5334 5552 5861 6112 6445 6620 7564 7673 7682 8948 9275 9415 10602 10767 10958 11266 11452 11604 14394 14414 14425 14479 14527 14611 14641 14700 14777 14847 14867 14928 14949 14967 14976 15000 15019 15026 15058 15100 15186 15254 15283 15345 250 322 429 466 893 906 916 942 1030 1344 1391 1413 1562 1631 1762 1858 1936 1958 2058 2097 2153 2472 2630 2671 2699 2859 3006 3072 3703 3828 4015 4294 4478 4647 4686 5791 5805 6339 6804 7094 7469 7591 7631 7973 8546 8597 8867 9446 9447 9481 9665 10126 10236 10411 11344 11504 16322 16361 16380 16382 16422 16475 16490 16493 16511 16519 16522 16 100 340 453 483 490 589 626 674 821 838 869 878 897 1226 1234 1340 1421 1760 1788 1793 2569 2743 2849 2853 3206 3271 3385 3693 3870 4048 4268 4578 4738 5566 6069 6117 6331 6676 7087 7325 7375 7993 8677 8817 9041 9128 9183 9948 10152 10613 10710 10831 11207 11286 11374 16328 16341 16414 16427 16477 16491 16505 16516 16523 155 258 479 545 619 625 896 966 1282 1311 1435 1468 1493 1496 1774 1842 1939 2201 2236 2272 2366 2755 3040 3306 3350 3356 3368 3445 3540 3553 3707 3882 3912 4144 4312 4366 4491 4736 4814 4940 4965 4979 4994 5063 5077 5371 5414 5450 5517 5627 5653 6045 6403 6538 6613 6721 6916 7010 7082 7272 7288 7323 7342 7529 7644 7681 7724 7777 8046 8132 8150 8287 8378 8457 8511 8703 8924 8966 9056 9088 9140 9199 9244 9457 9634 9649 9650 9821 9917 9945 10194 10343 10405 10566 10731 10843 10874 10971 11027 11158 11192 11499 11603 15523 15552 15570 15592 15603 15618 15662 15668 15693 15703 15731 15732 15750 15756 15785 15796 15838 15844 15880 15897 15930 15934 15958 15977 16003 16023 16044 16045 16061 16072 16081 16090 16106 16111 16117 16138 16153 16177 16192 16246 16254 133 148 186 600 1184 1937 2021 2042 2111 2212 2221 2362 2800 2857 2966 3498 3602 3630 3805 3854 4036 4252 4506 4519 4719 4750 4825 4837 5061 5367 5622 5923 6106 6139 6158 6345 6480 6686 6878 6879 6951 7267 7318 7408 7412 7448 7476 7559 7638 7864 7925 7998 8189 8242 8289 8757 8811 8938 9487 9494 9587 9708 9914 9969 10117 10200 10212 10223 10407 10751 10903 11255 11389 11441 15336 15418 15428 15454 15500 15519 15531 15549 15578 15628 15653 15658 15696 15697 15702 15719 15728 15758 15764 15784 15808 15886 15892 15896 15929 15933 16010 16012 16020 16039 16073 16089 16091 16115 16174 274 818 891 1107 1225 1445 1472 1579 1618 2022 2275 2350 2451 2799 2825 3181 3465 3562 3646 3738 3806 3817 3946 4023 4073 4081 4261 4483 4796 5009 5186 5452 5780 5964 6145 6589 6771 6782 6863 7389 7664 7883 8180 8296 8983 9138 9350 9376 9869 10111 10733 10837 10928 11375 11463 11556 15143 15246 15255 15320 15321 15400 15404 15422 15449 15479 15535 15548 15551 15568 15755 15795 15891 15943 331 427 999 1259 1420 1770 1832 2712 3197 3225 3233 3257 3455 3645 4161 4307 4650 4812 4970 4978 5326 5387 5417 5451 5505 5589 5651 5977 6001 6099 6466 6536 6744 6896 6970 7300 7382 7770 7966 8229 8290 8656 8699 9058 9161 9245 9256 9337 9686 9695 10142 10800 10853 11021 11067 14510 14528 14635 14669 14728 14784 14820 14823 14837 14851 14868 14916 14961 14987 15001 15012 15059 15061 15087 15105 15112 15157 15212 15240 15241 15314 15388 353 539 570 991 1813 1873 1945 1979 2340 2375 2605 3002 3256 3671 4034 4191 5294 5447 5547 5583 5739 5746 6173 7111 7155 8039 9046 9367 9850 10461 10463 10592 10643 10788 11128 11612 13479 13568 13817 13849 13903 14008 14032 14037 14263 14279 14284 14350 14367 14461 14693 418 2174 2899 3415 3433 3600 3811 3904 4644 4710 5318 5324 5560 6495 6601 6880 7143 7683 7872 7948 8122 8246 8314 9162 9257 9335 9478 9752 10071 10229 10861 11013 13411 13472 13514 13536 13555 13622 13640 13652 13661 13743 13790 13840 13902 13957 13964 14013 14048 14088 14089 14131 14225 14271 14326 31 32 35 238 330 402 549 561 845 856 1491 1654 1957 2139 2223 2435 2529 3054 3128 3408 3432 3827 3959 3998 4108 4129 4166 4188 4340 4569 4858 5187 5235 5621 5875 5989 6128 6131 6359 6373 6521 6576 6740 6768 6891 7076 7084 7156 7195 7385 7395 7546 7978 8151 8168 8845 9005 9065 9384 9398 9590 9896 9991 10419 10508 10551 10795 10823 11057 11241 15996 16024 16064 16076 16099 16131 16135 16141 16201 16209 16213 16214 16223 16226 16259 16269 16271 16279 16300 16316 16379 16403 98 268 451 888 889 904 950 1071 1193 1210 2268 2711 3113 3496 3534 3637 3651 3803 4071 4606 4756 5241 5628 5710 5987 6344 6709 7289 7494 7830 7958 8338 8413 8846 9136 9204 9283 9623 9897 10642 11005 16272 16383 16413 16434 16454 16466 16478 16485 16504 16520 172 1086 1321 1364 1573 1721 2413 2532 2561 2837 3008 3029 3071 5657 6678 7240 7720 9285 9630 9943 10349 11382 16384 16393 16431 16433 16468 16497 16507 123 195 810 1440 1508 1849 2057 2260 2724 2842 2959 3057 3176 3416 3521 3789 3801 3844 3983 4093 4228 4240 4382 4529 4532 4635 4664 4831 4945 5264 5635 5903 6167 6201 6935 7018 7503 7771 7914 8020 8083 8675 8791 8823 8881 9082 9146 9565 9658 10045 10281 10536 11007 11358 15773 15890 15894 15942 15954 15967 15981 15988 15992 16014 16025 16050 16082 16112 16118 16119 16168 16171 16186 16194 16243 16307 82 434 670 740 771 826 885 1237 1331 1534 1898 2072 2749 2790 2850 2933 3016 3112 3447 3604 3936 3960 3967 3975 4170 4210 4607 4768 4803 5062 5261 5389 5397 5472 5540 5742 5796 5843 6093 6146 6237 6379 6745 6823 7201 7209 7260 7646 7807 7846 7853 7959 8071 8190 8250 8507 8760 8909 9060 9150 9211 9355 9382 9738 9745 9767 9773 9786 9791 10037 10362 10680 10835 11164 11180 11236 11254 11356 11611 11614 14770 14782 14854 14887 14937 14962 15027 15082 15107 15121 15158 15237 15247 15266 15267 15298 15354 15401 15423 15441 15460 15467 15473 15481 15512 15513 15524 15525 15542 15579 15582 15604 15619 15630 15649 15659 15660 15663 15705 15726 15748 15776 15782 15809 15860 252 474 526 628 751 834 1187 1582 2033 2068 2263 2823 3036 3287 3429 3523 3591 3749 3899 3917 3951 4084 4155 4189 4327 4441 4700 5048 5173 5217 5244 5269 5438 5440 5676 5690 5966 6028 6148 6438 6556 6630 6661 6684 6767 6825 7038 7149 7359 7828 8019 8201 8327 8365 8404 8489 8600 8903 8943 9051 9063 9099 9114 9119 9276 9362 9419 9563 9673 9746 9770 9797 10094 10244 10348 10428 10701 10712 10746 10880 10921 10972 11071 11115 11327 11468 11478 15346 15364 15406 15419 15432 15480 15488 15536 15540 15561 15587 15593 15614 15629 15672 15679 15704 15723 15729 15743 15822 15835 15889 15935 673 840 1395 1516 1581 1908 1928 2486 2663 2789 2902 2990 3308 3325 3572 3654 3679 3699 4149 4610 4852 4859 5023 5147 5368 5664 5677 5760 6561 6580 7192 7307 7445 7808 7878 7888 8268 8403 8534 8551 8624 8766 9100 9317 9383 9536 9692 9750 9828 9931 9999 10139 10160 10391 10446 10644 10665 10681 11105 11372 14494 14535 14565 14572 14573 14680 14701 14732 14754 14762 14780 14781 14859 14860 14905 14929 14931 14988 15062 15063 15101 15106 15115 15129 15130 15138 15177 15332 15440 293 560 760 867 979 1189 1486 2184 2780 3109 3135 3624 3861 4046 4062 4201 4241 4367 4435 4481 4688 4946 5199 5328 5408 5911 6268 6295 6772 6974 7049 7146 7534 7858 7867 7940 8017 8057 8110 8283 8439 8555 8762 8844 8879 8976 9027 9066 9206 9397 9706 10103 10109 10116 10440 10462 10782 10789 10886 11050 11166 11451 11525 14134 14187 14239 14300 14307 14395 14402 14415 14439 14442 14463 14467 14495 14529 14553 14566 14629 14649 14695 14708 14763 14786 14790 14824 14825 14853 14886 14932 14989 15008 15038 15139 15153 15206 15257 15262 15288 113 411 703 1135 1202 1355 1453 1689 1845 2173 2254 2501 2548 2988 3434 3629 3669 3837 4401 4402 4501 4723 4725 4732 4864 5524 5549 5597 5624 5854 5962 6006 6018 6140 6626 6807 6965 7052 7490 7551 7563 7618 7706 7749 7891 7951 8014 8146 8325 8383 8388 8711 8790 8914 9047 9101 9268 9396 9566 9647 9698 9715 9980 10156 10188 10201 10255 10277 10326 10817 10997 11214 11235 11297 11437 11491 11586 14549 14622 14628 14642 14654 14665 14707 14731 14741 14745 14761 14778 14797 14805 14809 14881 14884 14885 14904 14950 14951 14977 14997 15013 15032 15048 15053 15080 15088 15113 15114 15120 15137 15152 15162 15173 15202 15214 15231 15261 15294 15315 15337 15353 15372 15382 15405 15450 15455 15459 15463 15472 15508 15509 15539 15550 15564 15638 62 67 79 200 658 802 1417 1478 2076 3060 3083 3136 3317 3641 4196 4204 4580 4835 5072 5093 5353 5441 5630 6555 6677 6859 7371 7897 8263 8400 8428 8571 8605 9133 9176 9286 9338 9604 9827 10023 10110 10191 10253 10291 10329 10604 10709 11505 14470 14534 14563 14653 14678 14679 14730 14744 14785 14848 14852 14923 14964 14971 15007 15069 15093 15119 15172 15213 15230 15256 15278 15279 2584 3012 3755 4050 4443 4490 4941 5065 5161 5178 5185 5288 5516 5527 5856 5929 6073 6656 6874 7487 7931 8261 8695 9010 9559 10044 10438 10483 10614 10935 11189 11281 11306 13851 13928 13958 13959 14014 14049 14060 14133 14141 14186 14196 14226 14289 14299 14373 14401 14449 14584 14648 14664 14729 517 731 1055 1080 1519 2466 2852 2958 3032 3244 3358 3729 3851 3948 4017 4141 4649 4788 5113 5349 5437 5488 5509 5553 5644 5888 6132 6298 6308 6597 6607 6660 6800 7136 7508 7528 7821 8196 8203 8232 8380 9026 9657 9736 9859 9955 10661 10850 10963 11233 11415 11497 13366 13459 13527 13541 13562 13683 13703 13736 13737 13770 13782 13850 13893 13911 13927 13965 13972 13983 14073 14077 14132 14140 14151 14209 14250 14256 14334 14338 14368 14430 14503 14543 14562 57 1046 1117 1317 1649 2016 2118 2381 2397 2830 2948 3013 3267 3320 3473 3531 3601 3741 3903 4377 4745 4757 5135 5388 5431 5493 5495 6036 6115 6235 6334 7398 7889 7936 8042 8052 8199 8305 8632 8713 8724 8774 8871 9353 9366 9416 9459 9887 10020 10118 10358 10474 10711 10721 10778 11047 11100 11110 11187 11200 11209 13133 13156 13283 13308 13624 13696 13697 13745 13835 13914 13915 13925 13929 13930 14000 14033 14051 14082 14083 14090 14096 14122 14158 14174 14175 14183 14280 14346 14416 14443 14489 14511 14554 14585 14605 14650 14702 105 335 374 660 1116 1567 1938 2580 2684 2729 2855 2873 2972 3173 3402 3664 3863 4078 4396 4500 4704 4854 4952 5176 5189 5250 5433 6053 6186 6205 6364 6367 6405 6554 6694 6890 7129 7174 7572 7627 7661 7775 7798 7832 8236 8418 8461 8480 8560 8602 8614 8638 8770 9004 9127 9316 9404 9414 9441 9489 9510 9514 9629 9640 9661 10010 10076 10384 10608 10675 10704 10827 10870 10925 11064 11117 11290 11291 11302 11458 11464 11591 12762 12817 12847 12910 12917 12991 12997 13002 13026 13057 13064 13130 13186 13197 13198 13219 13246 13267 13293 13340 13399 13405 13406 13412 13418 13427 13451 13492 13493 13578 13582 13603 13634 13653 13783 13846 13988 14050 695 717 718 1359 1597 1622 1943 2105 2234 2568 3052 3110 3436 4216 4875 5499 5794 5950 6064 6330 6752 6983 7003 7695 7747 8028 8698 8793 8810 8928 9210 9228 9230 9401 9591 9701 9761 10203 10427 10580 10687 10693 11561 12382 12413 12433 12513 12517 12527 12560 12582 12619 12625 12651 12659 12664 12698 12714 12731 12745 12752 12753 12833 12890 12897 12901 12928 12957 12987 13027 13065 500 642 1020 1044 1065 1514 1954 2310 2701 2923 3514 4297 5192 5502 5838 6042 6277 6655 7525 7666 7782 8107 8215 8465 8474 8848 9030 9123 9392 9884 9935 10003 10297 10454 10493 10525 10627 13226 13253 13298 13389 13417 13438 13576 13581 13588 13601 13644 13664 13744 13791 13805 14198 85 883 1130 1707 2045 2050 2166 2371 2458 2783 2804 3094 4009 4415 5005 5183 5556 6160 6164 6355 6724 7069 7177 7397 7523 7545 8002 8076 8285 8438 8952 9185 9217 9308 9768 10047 10354 10481 11074 11125 11333 13351 13434 13491 13521 13577 13602 13659 13719 13818 13819 13852 13854 13934 13938 13948 13949 13973 14027 14039 14109 14115 14142 14152 14153 14237 14238 14327 14362 436 652 1170 1497 2411 3866 4041 4195 4350 4368 4433 4571 4931 5384 5411 5740 6114 6375 6857 7365 7543 7586 8101 8618 8621 8697 8931 9202 9541 9608 9621 9689 9837 9891 10294 10333 10418 10745 10883 12606 12693 12725 12733 12744 12769 12789 12795 12843 12862 12875 12905 12906 12909 12940 12983 13046 13054 13102 13114 13115 13175 13196 13260 356 566 1134 1684 1808 1846 2240 2353 2611 2917 3020 3055 3211 3590 4605 4619 4929 6362 6448 7198 7697 7727 7733 7981 8061 8319 8620 8804 8841 8890 9033 9518 9597 9601 10006 10192 10406 10578 10586 10621 10873 11178 12407 12410 12420 12437 12471 12477 12483 12532 12559 12562 12586 12587 12590 12622 12639 12640 12650 12658 12697 12730 12775 12788 12809 12846 407 825 850 919 1025 1611 1623 1630 2114 2161 2274 2595 2608 2650 2742 2762 2766 2941 3288 3560 3954 4262 4375 4429 4828 5331 5609 5683 5934 6038 6152 6169 6425 6488 6541 6837 7504 7726 8552 8779 8971 9312 9340 9493 9508 9624 9672 9690 9802 10001 10166 10251 10448 10492 10495 10568 10700 10876 10895 10978 11402 11432 11443 12597 12605 12681 12706 12719 12761 12778 12799 12808 12832 12840 12859 12916 12939 12947 12990 13013 13023 13032 13033 13082 13195 13203 13235 13259 13270 13297 13333 13362 13369 13537 26 469 730 1066 1222 1243 1640 2175 2660 2798 2866 3067 3222 3283 3518 3883 4182 4318 4645 4718 5598 5619 5640 5757 6003 6723 6741 6818 7229 7388 7488 7492 7493 7714 7833 7890 8109 8111 8144 8564 8576 8794 9016 9427 9892 10087 10096 10259 10309 10422 10640 10726 10938 11062 11390 11515 12299 12305 12307 12308 12311 12312 12331 12336 12347 12369 12389 12421 12422 12426 12429 12432 12457 12459 12472 12504 12522 12524 12528 12545 12555 12673 12737 386 388 1013 1285 1487 1756 1781 1867 2278 2294 2512 2545 3543 3611 4345 4544 4827 4874 5267 5406 6027 6323 6681 6872 7102 7121 7352 7376 7677 7690 7694 7869 7905 8226 8436 8513 8627 8737 8923 9321 9676 9787 9900 10153 10528 10696 10766 11111 11387 12098 12123 12125 12129 12150 12173 12185 12187 12208 12213 12218 12259 12268 12283 12288 12289 12355 12357 12368 12380 12387 12409 12416 12444 12452 12462 12492 12497 12516 12536 12600 511 832 1627 1671 2484 2709 4245 4492 4594 4882 5090 5360 5528 5972 5985 6048 6779 7073 7166 7355 7463 8038 8609 8997 9517 10172 10338 10909 11283 11315 12114 12153 12166 12174 12178 12180 12202 12214 12221 12230 12234 12256 12269 12282 12287 12304 12310 12316 12319 12326 12328 12361 12364 12388 1099 1872 2067 2073 2146 2490 3578 3777 4043 4121 5359 5541 5878 5955 6194 6483 6773 6798 6851 6900 7506 7825 8527 8568 9141 9626 9675 9831 9904 10190 10400 10502 10760 10942 10956 11212 11360 11531 13813 13894 14182 14197 14201 14211 14212 14227 14285 14354 14369 14384 14462 14517 14564 14571 14603 14604 14659 14694 14720 90 823 1577 1783 1915 2289 2606 2750 3212 3788 4911 5049 5074 5082 5382 5579 5773 6482 6885 7212 7258 7799 8035 8094 8640 8999 9941 9949 10063 10258 10260 10980 13663 13758 13804 13904 13960 13961 14009 14056 14107 14173 14210 14265 14273 14274 14335 14383 14579 14798 99 827 1681 2328 2702 2832 3770 3830 4006 4056 4550 5121 5654 5954 6649 8445 8843 9297 9479 9580 9659 9755 9973 10473 10596 10740 10802 10957 10974 11137 11548 13185 13245 13300 13357 13368 13437 13455 13501 13556 13563 13564 13600 13611 13612 13623 13658 13713 13773 13845 92 196 307 957 1200 1291 1446 1803 1904 1963 2617 3017 3392 4467 4840 5026 5144 5221 5282 5457 5474 5620 5810 5811 5870 5873 5945 6082 6347 6551 6722 6955 7007 7232 7261 7544 8219 8495 8557 8833 9061 9102 9156 9171 9251 9258 9290 9532 9988 10158 10565 11361 13275 13325 13328 13375 13453 13460 13500 13520 13592 13599 13610 13633 13657 13662 13695 13727 13751 13757 13772 13826 13882 13912 13913 13937 13947 13966 13984 14015 14021 14038 14055 14065 14172 14200 14219 14264 14272 14426 223 314 343 537 551 941 975 1042 1062 1790 2134 2238 2429 2438 2682 2861 2900 3090 3139 3255 3260 3435 3519 3761 4363 4406 4520 4545 4678 4786 5002 5004 5391 5898 6365 6430 6452 6515 6784 7392 7427 7473 7579 7625 7645 7696 7757 7917 8029 8049 8248 8410 8665 8842 8861 9013 9164 9225 9294 9462 9477 9537 9822 9883 9952 10157 10313 10807 10818 10839 10855 11044 11249 11292 11351 11488 12531 12567 12581 12585 12593 12624 12643 12701 12743 12768 12787 12794 12816 12822 12858 12872 12874 12915 12923 12927 12956 12968 12969 12982 13048 13049 13053 13061 13075 13101 13108 13122 13136 13155 13174 13194 13209 13212 13238 13244 13292 13307 13367 13454 546 784 1455 1554 2722 2934 3584 3674 4220 4535 4838 5122 5774 6437 6468 6527 6545 6765 6860 7169 7315 7334 8558 9081 1151 5041 9086 9175 9585 10029 10387 10455 10684 10953 11040 11442 11567 12079 12105 12107 12172 12220 12227 12271 12286 12315 12352 12371 12399 12400 12428 12456 192 377 558 768 1139 1238 1378 1399 1494 2059 2177 2185 2493 2503 2531 2778 2822 3120 3125 3243 3301 3478 3774 4032 4146 4175 4295 4656 5310 5510 5971 5995 6004 6147 6248 6254 6920 7135 7731 7783 7918 7967 8108 8255 8274 8486 8506 8645 8797 8812 8864 9120 9126 9377 9458 9503 9577 9668 9942 10032 10034 10163 10279 10296 10416 10489 10875 10889 11032 11101 11307 11313 11314 11439 11572 11583 12713 12804 12814 12857 12873 12926 12938 12946 12981 12986 13000 13001 13045 13052 13063 13071 13072 13081 13091 13112 13113 13126 13149 13173 13202 13234 13296 13299 13361 13517 13575 13598 13669 13750 13771 389 470 745 1218 1305 1480 1603 1615 1620 1688 1852 2211 2377 2726 3302 3382 3682 3750 3832 3907 3939 4016 4183 4236 4453 4559 4691 4742 4876 4877 4887 5092 5104 5204 5245 5321 5558 5965 6050 6187 6202 6252 6255 6276 6390 6451 6537 6617 6716 7016 7276 7614 7901 8279 8280 8306 8352 8462 8942 8958 8968 8987 9000 9018 9040 9112 9570 9722 9790 10289 10610 10626 10631 10632 10657 10947 10961 11075 11126 11262 11318 11469 11569 12181 12184 12196 12240 12242 12254 12266 12267 12360 12379 12386 12398 12406 12411 12443 12451 12476 12486 12490 12530 12550 12554 12566 12584 12603 12604 12631 12638 12642 12663 12666 12692 12703 12704 12708 12718 12751 12760 12807 12821 12825 12839 12842 1985 2192 3856 4586 4749 4763 5166 5426 5529 5772 5826 7130 8986 9418 9642 9957 10386 10510 11311 12071 12074 12095 12118 12128 12148 12158 12167 12177 12191 12199 71 591 598 828 1473 1815 1894 1929 2504 2627 2628 2648 2884 3158 3618 3725 4165 4482 4798 5116 5198 5473 5512 5665 5680 5697 6046 6105 6253 6378 6581 6625 6689 7046 7054 7063 7161 7264 7296 7596 7671 7886 8291 9037 9124 9218 9254 9313 9716 10046 10122 10125 10167 10382 10472 10585 10673 10779 10829 11095 11225 11410 11447 12237 12238 12303 12314 12340 12341 12342 12378 12381 12392 12419 12431 12466 12480 12511 12520 12521 12523 12526 12535 12558 12572 12576 12592 12599 12621 12634 12635 12641 12662 12691 12696 12740 12741 12742 12757 12813 12827 12864 12889 12975 12989 615 630 871 939 1437 1840 2127 2231 2370 2695 2953 3855 3884 4082 4187 4222 4225 4634 4884 5119 5154 5305 5542 5607 5703 5720 6249 6296 6350 6463 6496 6730 6871 7029 7089 7106 7154 7244 7255 7306 7554 7741 7911 7964 8012 8185 8281 8828 8836 8954 8990 9460 9480 9496 10040 10263 10496 10561 10573 10597 10832 11008 11025 11131 12630 12669 12717 12759 12812 12871 12880 12882 12885 12908 12922 12967 12980 12985 13035 13056 13070 13089 13095 13135 13148 13233 13266 13282 13295 13360 13364 13365 13486 541 606 900 928 1215 1217 1416 1471 2668 3035 3653 4393 4807 5876 6051 6380 6912 6946 7173 7616 7809 8282 8329 8593 8839 8960 10316 10507 10512 11199 11250 12248 12264 12281 12294 12298 12313 12318 12325 12349 12363 12367 12385 12402 12479 12510 12515 12564 12571 120 233 403 877 931 1053 1112 2390 2400 2442 2474 2747 2858 2963 3005 3061 3142 3334 3667 3717 3961 4167 4185 4339 4423 4853 4895 5159 5218 5350 5430 5484 5548 5730 5776 5960 6070 6225 6262 6293 6532 6534 6731 6898 7024 7031 7113 7150 7158 7441 7460 7482 7577 7764 7773 7856 8271 8426 8446 8556 8694 8847 9072 9113 9282 9360 9372 9497 9933 9958 10048 10135 10143 10396 10514 10667 10676 10689 10719 11079 11148 11155 11194 11231 11328 11500 12756 12777 12780 12824 12831 12895 12904 12921 12955 12974 12979 12994 13042 13051 13094 13111 13132 13143 13201 13218 13265 13321 13332 13339 13387 13388 13433 13462 13466 13499 13506 13512 13513 13535 13609 13694 13707 13742 13781 13910 30 51 183 390 712 1383 1990 2572 2713 3298 3869 3941 4124 4205 4256 4454 4541 4918 4926 5115 5170 5381 5410 5496 5768 6071 6322 6986 7193 7401 7465 7688 7761 7950 8112 8240 8328 8491 8493 8604 9252 9485 9807 10134 10213 10276 10501 10744 10896 11394 11582 12317 12337 12346 12397 12412 12418 12455 12458 12470 12502 12503 12541 12544 12575 12580 12595 12596 12656 12657 12690 12724 12856 12896 12937 354 676 1018 1785 2054 3720 3842 4264 4568 4865 4909 4933 6535 6569 6712 6982 7213 7468 8579 8678 8769 8795 9607 9868 10825 11097 11608 12491 12534 12538 12539 12620 12629 12648 12689 12736 12815 12933 12954 410 415 664 1552 1602 1966 2169 2281 3820 4504 4906 4968 5058 5532 5852 5882 6154 6867 6996 7009 7537 7715 7912 8091 8118 8335 8993 9020 9264 9412 9442 9521 9560 9741 10271 10285 11218 11232 11477 11566 12403 12425 12449 12489 12496 12501 12540 12565 12570 12574 12579 12591 12614 12637 12649 12686 12694 12695 12705 12707 12749 12767 12786 
	}
	buildings_max_level_factor=5.000
        manpower= 34800000
        state_category = megalopolis
}
