	state={
	id=32
	name="Iraq"
	history = {
                owner = IRQ
		add_core_of = IRQ
buildings = {
			infrastructure = 1
			arms_factory = 5
			industrial_complex = 9
		}
		victory_points = { 1138 2}
		victory_points = { 9882 3 }
		victory_points = { 4278 1 }

	}
	provinces={
		39 58 128 371 425 460 523 666 694 700 1097 1138 1164 1309 1314 1336 1380 1402 1411 1475 1641 1648 1765 1789 1795 1825 1982 2060 2104 2149 2252 2405 2560 2637 2815 2882 2927 2931 3048 3091 3101 3167 3252 3314 3446 3466 3564 3694 3797 3935 3937 4014 4132 4152 4287 4293 4354 4407 4523 4539 4572 4621 4690 4712 4746 5247 5254 5263 5286 5303 5610 5662 5788 5874 5931 6052 6191 6217 6388 6398 6602 6698 6839 6868 6905 6990 7023 7057 7157 7283 7457 7759 7800 7946 7954 7997 8483 8913 9109 9125 9219 9242 9856 9926 10002 10026 10222 10226 10230 10321 10575 10730 10820 10836 10844 11116 11118 11142 11252 11352 11445 11584 11647 11658 11659 11673 11675 11676 11681 11683 11692 11701 11726 11727 11734 11737 11746 11752 11753 11756 11757 11777 11778 11796 11826 11833 11846 11863 11901 11913 11925 11946 11972 11993 12006 12047 27 142 253 282 531 538 548 603 709 752 769 774 933 937 1022 1091 1096 1182 1233 1241 1328 1452 1481 1590 1646 1741 1742 1801 2026 2027 2119 2230 2352 2418 2460 2477 2539 2669 2976 3007 3240 3262 3370 3494 3524 3660 3735 3791 3812 3945 4190 4226 4263 4390 4404 4538 4553 4638 4826 4851 5050 5067 5167 5287 5361 5365 5522 5543 5562 5593 5641 5787 5790 5804 5845 5916 5973 6002 6107 6155 6190 6196 6229 6305 6507 6596 6866 7077 7147 7159 7190 7521 7524 7701 7787 7841 7861 7921 7965 8015 8135 8191 8233 8243 8316 8512 8514 8563 8611 8709 9077 9186 9295 9329 9617 9874 9882 10180 10256 10268 10486 10552 10645 10826 10916 11108 11400 11509 11663 11674 11687 11697 11706 11708 11709 11720 11721 11722 11725 11735 11747 11779 11780 11784 11793 11800 11815 11834 11835 11859 11873 11875 11879 11881 11937 11950 11999 12015 12034 12063 163 337 450 651 697 996 997 1126 1131 1211 1333 1490 1495 1517 1528 1652 1668 1687 1740 1752 1913 1999 2008 2063 2113 2158 2256 2417 2433 2470 2483 2510 2538 2703 2881 3099 3157 3192 3198 3202 3231 3237 3247 3299 3324 3487 3510 3632 3726 3881 4030 4319 4364 4389 4469 4489 4548 4639 4869 4873 4996 5125 5231 5251 5271 5346 5364 5376 5383 5429 5475 5483 5591 5689 5844 6013 6091 6161 6261 6341 6423 6476 6584 6614 6838 6847 6862 6888 6928 7067 7128 7313 7518 7612 7752 8269 8278 8389 8566 8628 8646 8765 8947 9248 9281 9453 9471 9546 9653 9756 9818 9872 9886 9939 10021 10145 10196 10199 10234 10272 10323 10330 10376 10560 10587 10662 10674 10714 10849 11043 11060 11078 11080 11203 11303 11312 11381 11409 11501 11765 11773 11774 11794 11798 11805 11807 11827 11839 11842 11844 11862 11864 11865 11871 11883 11885 11899 11908 11916 11934 11941 11947 11952 11957 11986 11987 11994 12001 12002 12003 12004 12007 12017 12026 12028 12031 12053 12059 12064 12084 12088 12100 12112 12120 12134 12141 12142 12207 288 475 605 898 943 944 960 964 1185 1280 1312 1827 1866 1920 2315 2425 2500 2642 2706 3021 3064 3419 3528 3579 3705 3898 4091 4278 4384 4547 5339 5693 5713 5756 5892 6652 6657 6667 6947 7107 7133 7245 7336 7348 7500 7550 7628 7629 7658 8277 8510 8584 8728 9169 9213 9500 9512 9677 9801 9834 9938 10080 10113 10649 10783 10918 10981 10994 11020 11024 11102 11186 11216 11353 11404 11836 11860 11886 11903 11906 11922 11931 11982 11988 11989 12009 12036 12043 12060 12069 12127 12146 12186 12197 12219 12241 12249 12258 12265 12290 12295 12338 12372 12414 41 81 440 516 1244 1647 1656 1806 1843 1972 2084 2106 2141 2674 2741 3070 3246 3331 3677 4231 4328 4494 4955 4973 5118 5197 5270 5469 5470 5980 6471 7039 7626 7738 8520 8528 8752 10243 10653 10858 11320 11536 11626 11630 11667 11677 11698 11699 11723 11728 11754 11767 208 260 550 728 2035 2056 2427 2894 7137 7569 8655 10031 11622 11623 11632 11649 232 239 306 689 707 722 1422 1537 1863 2125 2247 2716 5454 6513 7218 7478 8055 8312 8658 8696 9166 10821 11103 11615 11640 11648 11656 11707 11710 202 714 753 1074 1527 1995 3087 3369 3573 3678 3746 4938 6035 6938 7247 10439 11039 11345 11621 11627 11641 11642 11650  
	}
	buildings_max_level_factor=5.000
        manpower=43500000
        state_category = megalopolis
}
